
1 0 0 
2 1 1 
3 1 1 
4 1 1 
5 2 2 
6 2 2 
7 2 2 
8 3 2 
9 4 2 
10 5 3 
11 5 3 
12 6 3 
13 6 3 
14 7 3 
15 7 3 
16 8 3 
17 8 3 
18 9 3 
19 9 3 
20 10 4 
21 11 4 
22 12 4 
23 13 4 
24 14 4 
25 15 4 
26 16 4 
27 17 4 
28 17 4 
29 17 4 
30 18 4 
31 19 4 
32 19 4 
33 19 4 
34 20 5 
35 20 5 
36 21 5 
37 21 5 
38 22 5 
39 22 5 
40 23 5 
41 23 5 
42 24 5 
43 24 5 
44 25 5 
45 25 5 
46 26 5 
47 26 5 
48 27 5 
49 27 5 
50 28 5 
51 28 5 
52 29 5 
53 29 5 
54 30 5 
55 30 5 
56 31 5 
57 31 5 
58 32 5 
59 32 5 
60 33 5 
61 33 5 
62 34 6 
63 35 6 
64 35 6 
65 35 6 
66 36 6 
67 37 6 
68 37 6 
69 37 6 
70 38 6 
71 38 6 
72 38 6 
73 39 6 
74 40 6 
75 40 6 
76 40 6 
77 41 6 
78 42 6 
79 42 6 
80 42 6 
81 43 6 
82 44 6 
83 44 6 
84 44 6 
85 45 6 
86 46 6 
87 46 6 
88 46 6 
89 47 6 
90 49 6 
91 50 6 
92 51 6 
93 52 6 
94 53 6 
95 54 6 
96 54 6 
97 54 6 
98 55 6 
99 56 6 
100 58 6 
101 59 6 
102 60 6 
103 61 6 
104 62 7 
105 62 7 
106 63 7 
107 63 7 
108 64 7 
109 64 7 
110 65 7 
111 65 7 
112 66 7 
113 66 7 
114 67 7 
115 67 7 
116 68 7 
117 68 7 
118 69 7 
119 69 7 
120 70 7 
121 70 7 
122 71 7 
123 72 7 
124 72 7 
125 73 7 
126 73 7 
127 74 7 
128 74 7 
129 75 7 
130 76 7 
131 76 7 
132 77 7 
133 77 7 
134 78 7 
135 78 7 
136 79 7 
137 79 7 
138 80 7 
139 81 7 
140 81 7 
141 82 7 
142 82 7 
143 83 7 
144 83 7 
145 84 7 
146 85 7 
147 85 7 
148 86 7 
149 86 7 
150 87 7 
151 87 7 
152 88 7 
153 88 7 
154 89 7 
155 89 7 
156 90 7 
157 90 7 
158 91 7 
159 91 7 
160 92 7 
161 92 7 
162 93 7 
163 93 7 
164 94 7 
165 94 7 
166 95 7 
167 95 7 
168 96 7 
169 96 7 
170 97 7 
171 97 7 
172 98 7 
173 98 7 
174 99 7 
175 99 7 
176 100 7 
177 100 7 
178 101 7 
179 101 7 
180 102 7 
181 102 7 
182 103 7 
183 103 7 
184 104 8 
185 104 8 
186 104 8 
187 105 8 
188 106 8 
189 107 8 
190 109 8 
191 110 8 
192 111 8 
193 112 8 
194 112 8 
195 112 8 
196 113 8 
197 114 8 
198 115 8 
199 116 8 
200 118 8 
201 119 8 
202 120 8 
203 121 8 
204 122 8 
205 123 8 
206 124 8 
207 125 8 
208 126 8 
209 126 8 
210 126 8 
211 127 8 
212 128 8 
213 129 8 
214 130 8 
215 131 8 
216 132 8 
217 133 8 
218 133 8 
219 133 8 
220 134 8 
221 135 8 
222 136 8 
223 137 8 
224 138 8 
225 139 8 
226 140 8 
227 140 8 
228 140 8 
229 141 8 
230 142 8 
231 143 8 
232 144 8 
233 145 8 
234 146 8 
235 147 8 
236 147 8 
237 147 8 
238 148 8 
239 149 8 
240 150 8 
241 151 8 
242 152 8 
243 153 8 
244 154 8 
245 155 8 
246 155 8 
247 155 8 
248 156 8 
249 157 8 
250 157 8 
251 157 8 
252 158 8 
253 159 8 
254 159 8 
255 160 8 
256 161 8 
257 161 8 
258 162 8 
259 162 8 
260 162 8 
261 163 8 
262 164 8 
263 164 8 
264 165 8 
265 166 8 
266 167 8 
267 168 8 
268 169 8 
269 170 8 
270 171 8 
271 172 8 
272 173 8 
273 173 8 
274 173 8 
275 174 8 
276 175 8 
277 175 8 
278 175 8 
279 176 8 
280 177 8 
281 177 8 
282 178 8 
283 179 8 
284 179 8 
285 180 8 
286 180 8 
287 180 8 
288 181 8 
289 182 8 
290 182 8 
291 183 8 
292 184 9 
293 184 9 
294 185 9 
295 185 9 
296 186 9 
297 186 9 
298 187 9 
299 187 9 
300 188 9 
301 188 9 
302 189 9 
303 190 9 
304 190 9 
305 191 9 
306 191 9 
307 192 9 
308 192 9 
309 193 9 
310 193 9 
311 194 9 
312 194 9 
313 195 9 
314 195 9 
315 196 9 
316 196 9 
317 197 9 
318 198 9 
319 198 9 
320 199 9 
321 199 9 
322 200 9 
323 200 9 
324 201 9 
325 201 9 
326 202 9 
327 202 9 
328 203 9 
329 204 9 
330 204 9 
331 205 9 
332 205 9 
333 206 9 
334 206 9 
335 207 9 
336 207 9 
337 208 9 
338 208 9 
339 209 9 
340 209 9 
341 210 9 
342 210 9 
343 211 9 
344 211 9 
345 212 9 
346 213 9 
347 213 9 
348 214 9 
349 214 9 
350 215 9 
351 215 9 
352 216 9 
353 216 9 
354 217 9 
355 217 9 
356 218 9 
357 218 9 
358 219 9 
359 219 9 
360 220 9 
361 221 9 
362 221 9 
363 222 9 
364 222 9 
365 223 9 
366 224 9 
367 224 9 
368 225 9 
369 225 9 
370 226 9 
371 226 9 
372 227 9 
373 227 9 
374 228 9 
375 228 9 
376 229 9 
377 230 9 
378 230 9 
379 231 9 
380 232 9 
381 232 9 
382 233 9 
383 233 9 
384 234 9 
385 234 9 
386 235 9 
387 235 9 
388 236 9 
389 236 9 
390 237 9 
391 237 9 
392 238 9 
393 238 9 
394 239 9 
395 239 9 
396 240 9 
397 240 9 
398 241 9 
399 242 9 
400 242 9 
401 243 9 
402 243 9 
403 244 9 
404 244 9 
405 245 9 
406 245 9 
407 246 9 
408 246 9 
409 247 9 
410 247 9 
411 248 9 
412 248 9 
413 249 9 
414 249 9 
415 250 9 
416 250 9 
417 251 9 
418 251 9 
419 252 9 
420 252 9 
421 253 9 
422 253 9 
423 254 9 
424 254 9 
425 255 9 
426 255 9 
427 256 9 
428 256 9 
429 257 9 
430 257 9 
431 258 9 
432 258 9 
433 259 9 
434 259 9 
435 260 9 
436 261 9 
437 261 9 
438 262 9 
439 262 9 
440 263 9 
441 264 9 
442 264 9 
443 265 9 
444 265 9 
445 266 9 
446 266 9 
447 267 9 
448 267 9 
449 268 9 
450 268 9 
451 269 9 
452 269 9 
453 270 9 
454 271 9 
455 271 9 
456 272 9 
457 272 9 
458 273 9 
459 273 9 
460 274 9 
461 274 9 
462 275 9 
463 275 9 
464 276 9 
465 276 9 
466 277 9 
467 277 9 
468 278 9 
469 278 9 
470 279 9 
471 279 9 
472 280 9 
473 280 9 
474 281 9 
475 281 9 
476 282 9 
477 282 9 
478 283 9 
479 283 9 
480 284 9 
481 284 9 
482 285 9 
483 285 9 
484 286 9 
485 287 9 
486 287 9 
487 288 9 
488 288 9 
489 289 9 
490 289 9 
491 290 9 
492 291 9 
493 291 9 
494 292 10 
495 293 10 
496 294 10 
497 295 10 
498 296 10 
499 297 10 
500 298 10 
501 299 10 
502 299 10 
503 299 10 
504 300 10 
505 301 10 
506 301 10 
507 302 10 
508 303 10 
509 304 10 
510 304 10 
511 304 10 
512 305 10 
513 305 10 
514 306 10 
515 307 10 
516 307 10 
517 307 10 
518 308 10 
519 309 10 
520 310 10 
521 311 10 
522 312 10 
523 313 10 
524 314 10 
525 315 10 
526 316 10 
527 316 10 
528 316 10 
529 317 10 
530 318 10 
531 319 10 
532 319 10 
533 320 10 
534 321 10 
535 321 10 
536 321 10 
537 322 10 
538 322 10 
539 323 10 
540 324 10 
541 324 10 
542 324 10 
543 325 10 
544 326 10 
545 327 10 
546 327 10 
547 327 10 
548 328 10 
549 329 10 
550 329 10 
551 329 10 
552 330 10 
553 331 10 
554 331 10 
555 331 10 
556 332 10 
557 333 10 
558 333 10 
559 334 10 
560 335 10 
561 335 10 
562 335 10 
563 336 10 
564 337 10 
565 339 10 
566 340 10 
567 341 10 
568 342 10 
569 343 10 
570 344 10 
571 344 10 
572 344 10 
573 345 10 
574 346 10 
575 346 10 
576 346 10 
577 347 10 
578 348 10 
579 348 10 
580 349 10 
581 350 10 
582 350 10 
583 350 10 
584 351 10 
585 352 10 
586 352 10 
587 352 10 
588 353 10 
589 354 10 
590 355 10 
591 356 10 
592 358 10 
593 359 10 
594 360 10 
595 361 10 
596 362 10 
597 362 10 
598 362 10 
599 363 10 
600 363 10 
601 363 10 
602 364 10 
603 365 10 
604 366 10 
605 366 10 
606 366 10 
607 367 10 
608 368 10 
609 368 10 
610 368 10 
611 369 10 
612 371 10 
613 372 10 
614 373 10 
615 374 10 
616 375 10 
617 376 10 
618 377 10 
619 378 10 
620 378 10 
621 378 10 
622 379 10 
623 380 10 
624 380 10 
625 380 10 
626 381 10 
627 382 10 
628 382 10 
629 382 10 
630 383 10 
631 384 10 
632 384 10 
633 384 10 
634 385 10 
635 386 10 
636 387 10 
637 389 10 
638 390 10 
639 391 10 
640 392 10 
641 393 10 
642 393 10 
643 393 10 
644 394 10 
645 395 10 
646 395 10 
647 395 10 
648 396 10 
649 396 10 
650 396 10 
651 397 10 
652 398 10 
653 399 10 
654 399 10 
655 399 10 
656 400 10 
657 401 10 
658 401 10 
659 401 10 
660 402 10 
661 403 10 
662 403 10 
663 403 10 
664 404 10 
665 405 10 
666 406 10 
667 407 10 
668 409 10 
669 410 10 
670 411 10 
671 411 10 
672 411 10 
673 412 10 
674 413 10 
675 415 10 
676 416 10 
677 417 10 
678 419 10 
679 419 10 
680 419 10 
681 420 10 
682 421 10 
683 422 10 
684 423 10 
685 424 10 
686 425 10 
687 425 10 
688 425 10 
689 426 10 
690 428 10 
691 429 10 
692 431 10 
693 432 10 
694 433 10 
695 435 10 
696 436 10 
697 437 10 
698 437 10 
699 437 10 
700 439 10 
701 440 10 
702 441 10 
703 442 10 
704 442 10 
705 442 10 
706 443 10 
707 444 10 
708 444 10 
709 444 10 
710 445 10 
711 446 10 
712 446 10 
713 446 10 
714 447 10 
715 447 10 
716 447 10 
717 448 10 
718 449 10 
719 449 10 
720 449 10 
721 450 10 
722 451 10 
723 451 10 
724 451 10 
725 452 10 
726 453 10 
727 454 10 
728 454 10 
729 454 10 
730 455 10 
731 456 10 
732 457 10 
733 459 10 
734 460 10 
735 461 10 
736 462 10 
737 462 10 
738 462 10 
739 463 10 
740 465 10 
741 466 10 
742 467 10 
743 468 10 
744 470 10 
745 470 10 
746 470 10 
747 471 10 
748 472 10 
749 475 10 
750 476 10 
751 476 10 
752 476 10 
753 477 10 
754 478 10 
755 479 10 
756 480 10 
757 481 10 
758 482 10 
759 483 10 
760 484 10 
761 485 10 
762 487 10 
763 488 10 
764 488 10 
765 488 10 
766 489 10 
767 491 10 
768 492 10 
769 493 10 
770 493 10 
771 493 10 
772 494 11 
773 494 11 
774 495 11 
775 495 11 
776 496 11 
777 497 11 
778 497 11 
779 498 11 
780 498 11 
781 499 11 
782 499 11 
783 500 11 
784 500 11 
785 501 11 
786 501 11 
787 502 11 
788 502 11 
789 503 11 
790 503 11 
791 504 11 
792 504 11 
793 505 11 
794 505 11 
795 506 11 
796 506 11 
797 507 11 
798 507 11 
799 508 11 
800 508 11 
801 509 11 
802 509 11 
803 510 11 
804 510 11 
805 511 11 
806 511 11 
807 512 11 
808 512 11 
809 513 11 
810 514 11 
811 514 11 
812 515 11 
813 515 11 
814 516 11 
815 516 11 
816 517 11 
817 518 11 
818 518 11 
819 519 11 
820 519 11 
821 520 11 
822 520 11 
823 521 11 
824 521 11 
825 522 11 
826 522 11 
827 523 11 
828 524 11 
829 524 11 
830 525 11 
831 525 11 
832 526 11 
833 526 11 
834 527 11 
835 527 11 
836 528 11 
837 528 11 
838 529 11 
839 529 11 
840 530 11 
841 530 11 
842 531 11 
843 531 11 
844 532 11 
845 532 11 
846 533 11 
847 533 11 
848 534 11 
849 534 11 
850 535 11 
851 535 11 
852 536 11 
853 536 11 
854 537 11 
855 537 11 
856 538 11 
857 539 11 
858 539 11 
859 540 11 
860 540 11 
861 541 11 
862 542 11 
863 542 11 
864 543 11 
865 543 11 
866 544 11 
867 544 11 
868 545 11 
869 545 11 
870 546 11 
871 546 11 
872 547 11 
873 547 11 
874 548 11 
875 548 11 
876 549 11 
877 549 11 
878 550 11 
879 551 11 
880 551 11 
881 552 11 
882 552 11 
883 553 11 
884 553 11 
885 554 11 
886 554 11 
887 555 11 
888 556 11 
889 556 11 
890 557 11 
891 558 11 
892 559 11 
893 559 11 
894 560 11 
895 560 11 
896 561 11 
897 561 11 
898 562 11 
899 562 11 
900 563 11 
901 563 11 
902 564 11 
903 564 11 
904 565 11 
905 565 11 
906 566 11 
907 566 11 
908 567 11 
909 567 11 
910 568 11 
911 568 11 
912 569 11 
913 569 11 
914 570 11 
915 570 11 
916 571 11 
917 571 11 
918 572 11 
919 572 11 
920 573 11 
921 573 11 
922 574 11 
923 574 11 
924 575 11 
925 576 11 
926 576 11 
927 577 11 
928 577 11 
929 578 11 
930 579 11 
931 580 11 
932 580 11 
933 581 11 
934 581 11 
935 582 11 
936 582 11 
937 583 11 
938 584 11 
939 584 11 
940 585 11 
941 585 11 
942 586 11 
943 586 11 
944 587 11 
945 587 11 
946 588 11 
947 588 11 
948 589 11 
949 589 11 
950 590 11 
951 590 11 
952 591 11 
953 591 11 
954 592 11 
955 592 11 
956 593 11 
957 593 11 
958 594 11 
959 594 11 
960 595 11 
961 595 11 
962 596 11 
963 596 11 
964 597 11 
965 597 11 
966 598 11 
967 598 11 
968 599 11 
969 599 11 
970 600 11 
971 601 11 
972 601 11 
973 602 11 
974 602 11 
975 603 11 
976 603 11 
977 604 11 
978 604 11 
979 605 11 
980 605 11 
981 606 11 
982 607 11 
983 607 11 
984 608 11 
985 608 11 
986 609 11 
987 609 11 
988 610 11 
989 610 11 
990 611 11 
991 611 11 
992 612 11 
993 612 11 
994 613 11 
995 613 11 
996 614 11 
997 614 11 
998 615 11 
999 615 11 
1000 616 11 
1001 616 11 
1002 617 11 
1003 617 11 
1004 618 11 
1005 618 11 
1006 619 11 
1007 619 11 
1008 620 11 
1009 620 11 
1010 621 11 
1011 621 11 
1012 622 11 
1013 622 11 
1014 623 11 
1015 623 11 
1016 624 11 
1017 625 11 
1018 625 11 
1019 626 11 
1020 626 11 
1021 627 11 
1022 627 11 
1023 628 11 
1024 628 11 
1025 629 11 
1026 630 11 
1027 630 11 
1028 631 11 
1029 631 11 
1030 632 11 
1031 632 11 
1032 633 11 
1033 633 11 
1034 634 11 
1035 634 11 
1036 635 11 
1037 635 11 
1038 636 11 
1039 636 11 
1040 637 11 
1041 637 11 
1042 638 11 
1043 638 11 
1044 639 11 
1045 639 11 
1046 640 11 
1047 640 11 
1048 641 11 
1049 641 11 
1050 642 11 
1051 642 11 
1052 643 11 
1053 643 11 
1054 644 11 
1055 644 11 
1056 645 11 
1057 645 11 
1058 646 11 
1059 647 11 
1060 647 11 
1061 648 11 
1062 648 11 
1063 649 11 
1064 650 11 
1065 650 11 
1066 651 11 
1067 651 11 
1068 652 11 
1069 652 11 
1070 653 11 
1071 654 11 
1072 654 11 
1073 655 11 
1074 656 11 
1075 656 11 
1076 657 11 
1077 657 11 
1078 658 11 
1079 658 11 
1080 659 11 
1081 660 11 
1082 660 11 
1083 661 11 
1084 661 11 
1085 662 11 
1086 662 11 
1087 663 11 
1088 663 11 
1089 664 11 
1090 664 11 
1091 665 11 
1092 665 11 
1093 666 11 
1094 666 11 
1095 667 11 
1096 667 11 
1097 668 11 
1098 668 11 
1099 669 11 
1100 669 11 
1101 670 11 
1102 670 11 
1103 671 11 
1104 671 11 
1105 672 11 
1106 672 11 
1107 673 11 
1108 673 11 
1109 674 11 
1110 674 11 
1111 675 11 
1112 675 11 
1113 676 11 
1114 676 11 
1115 677 11 
1116 677 11 
1117 678 11 
1118 678 11 
1119 679 11 
1120 679 11 
1121 680 11 
1122 680 11 
1123 681 11 
1124 681 11 
1125 682 11 
1126 682 11 
1127 683 11 
1128 684 11 
1129 684 11 
1130 685 11 
1131 685 11 
1132 686 11 
1133 686 11 
1134 687 11 
1135 687 11 
1136 688 11 
1137 688 11 
1138 689 11 
1139 689 11 
1140 690 11 
1141 690 11 
1142 691 11 
1143 691 11 
1144 692 11 
1145 693 11 
1146 693 11 
1147 694 11 
1148 694 11 
1149 695 11 
1150 695 11 
1151 696 11 
1152 696 11 
1153 697 11 
1154 697 11 
1155 698 11 
1156 698 11 
1157 699 11 
1158 699 11 
1159 700 11 
1160 700 11 
1161 701 11 
1162 701 11 
1163 702 11 
1164 702 11 
1165 703 11 
1166 703 11 
1167 704 11 
1168 704 11 
1169 705 11 
1170 705 11 
1171 706 11 
1172 706 11 
1173 707 11 
1174 707 11 
1175 708 11 
1176 709 11 
1177 709 11 
1178 710 11 
1179 710 11 
1180 711 11 
1181 711 11 
1182 712 11 
1183 712 11 
1184 713 11 
1185 713 11 
1186 714 11 
1187 715 11 
1188 716 11 
1189 716 11 
1190 717 11 
1191 717 11 
1192 718 11 
1193 718 11 
1194 719 11 
1195 720 11 
1196 720 11 
1197 721 11 
1198 721 11 
1199 722 11 
1200 722 11 
1201 723 11 
1202 723 11 
1203 724 11 
1204 725 11 
1205 725 11 
1206 726 11 
1207 726 11 
1208 727 11 
1209 727 11 
1210 728 11 
1211 728 11 
1212 729 11 
1213 729 11 
1214 730 11 
1215 730 11 
1216 731 11 
1217 731 11 
1218 732 11 
1219 732 11 
1220 733 11 
1221 733 11 
1222 734 11 
1223 734 11 
1224 735 11 
1225 735 11 
1226 736 11 
1227 736 11 
1228 737 11 
1229 737 11 
1230 738 11 
1231 738 11 
1232 739 11 
1233 739 11 
1234 740 11 
1235 740 11 
1236 741 11 
1237 741 11 
1238 742 11 
1239 742 11 
1240 743 11 
1241 743 11 
1242 744 11 
1243 744 11 
1244 745 11 
1245 745 11 
1246 746 11 
1247 746 11 
1248 747 11 
1249 747 11 
1250 748 11 
1251 748 11 
1252 749 11 
1253 749 11 
1254 750 11 
1255 750 11 
1256 751 11 
1257 751 11 
1258 752 11 
1259 752 11 
1260 753 11 
1261 753 11 
1262 754 11 
1263 755 11 
1264 755 11 
1265 756 11 
1266 756 11 
1267 757 11 
1268 757 11 
1269 758 11 
1270 758 11 
1271 759 11 
1272 760 11 
1273 760 11 
1274 761 11 
1275 761 11 
1276 762 11 
1277 762 11 
1278 763 11 
1279 763 11 
1280 764 11 
1281 764 11 
1282 765 11 
1283 765 11 
1284 766 11 
1285 766 11 
1286 767 11 
1287 767 11 
1288 768 11 
1289 768 11 
1290 769 11 
1291 769 11 
1292 770 11 
1293 770 11 
1294 771 11 
1295 771 11 
1296 772 12 
1297 773 12 
1298 773 12 
1299 773 12 
1300 774 12 
1301 775 12 
1302 775 12 
1303 775 12 
1304 776 12 
1305 777 12 
1306 777 12 
1307 777 12 
1308 778 12 
1309 779 12 
1310 779 12 
1311 779 12 
1312 780 12 
1313 781 12 
1314 781 12 
1315 781 12 
1316 782 12 
1317 783 12 
1318 783 12 
1319 783 12 
1320 784 12 
1321 785 12 
1322 787 12 
1323 788 12 
1324 789 12 
1325 790 12 
1326 791 12 
1327 791 12 
1328 791 12 
1329 792 12 
1330 793 12 
1331 794 12 
1332 795 12 
1333 796 12 
1334 797 12 
1335 797 12 
1336 797 12 
1337 798 12 
1338 799 12 
1339 799 12 
1340 799 12 
1341 800 12 
1342 801 12 
1343 802 12 
1344 803 12 
1345 806 12 
1346 808 12 
1347 809 12 
1348 810 12 
1349 811 12 
1350 811 12 
1351 811 12 
1352 812 12 
1353 813 12 
1354 815 12 
1355 816 12 
1356 817 12 
1357 818 12 
1358 818 12 
1359 818 12 
1360 819 12 
1361 820 12 
1362 820 12 
1363 820 12 
1364 821 12 
1365 822 12 
1366 822 12 
1367 822 12 
1368 823 12 
1369 823 12 
1370 823 12 
1371 824 12 
1372 825 12 
1373 825 12 
1374 825 12 
1375 826 12 
1376 827 12 
1377 828 12 
1378 828 12 
1379 828 12 
1380 829 12 
1381 830 12 
1382 830 12 
1383 830 12 
1384 831 12 
1385 833 12 
1386 834 12 
1387 835 12 
1388 836 12 
1389 837 12 
1390 838 12 
1391 838 12 
1392 838 12 
1393 839 12 
1394 840 12 
1395 840 12 
1396 840 12 
1397 841 12 
1398 842 12 
1399 843 12 
1400 844 12 
1401 845 12 
1402 846 12 
1403 846 12 
1404 846 12 
1405 847 12 
1406 848 12 
1407 849 12 
1408 851 12 
1409 853 12 
1410 854 12 
1411 856 12 
1412 857 12 
1413 858 12 
1414 858 12 
1415 858 12 
1416 859 12 
1417 860 12 
1418 861 12 
1419 863 12 
1420 864 12 
1421 865 12 
1422 865 12 
1423 865 12 
1424 866 12 
1425 866 12 
1426 866 12 
1427 867 12 
1428 868 12 
1429 869 12 
1430 871 12 
1431 872 12 
1432 873 12 
1433 874 12 
1434 874 12 
1435 874 12 
1436 875 12 
1437 876 12 
1438 877 12 
1439 878 12 
1440 879 12 
1441 880 12 
1442 881 12 
1443 882 12 
1444 882 12 
1445 882 12 
1446 883 12 
1447 884 12 
1448 885 12 
1449 886 12 
1450 887 12 
1451 888 12 
1452 889 12 
1453 889 12 
1454 889 12 
1455 890 12 
1456 891 12 
1457 892 12 
1458 893 12 
1459 893 12 
1460 893 12 
1461 894 12 
1462 895 12 
1463 896 12 
1464 897 12 
1465 898 12 
1466 899 12 
1467 900 12 
1468 901 12 
1469 901 12 
1470 901 12 
1471 902 12 
1472 903 12 
1473 903 12 
1474 903 12 
1475 904 12 
1476 905 12 
1477 905 12 
1478 906 12 
1479 907 12 
1480 907 12 
1481 908 12 
1482 908 12 
1483 908 12 
1484 909 12 
1485 910 12 
1486 910 12 
1487 911 12 
1488 912 12 
1489 912 12 
1490 912 12 
1491 913 12 
1492 915 12 
1493 916 12 
1494 917 12 
1495 918 12 
1496 919 12 
1497 920 12 
1498 920 12 
1499 920 12 
1500 921 12 
1501 922 12 
1502 923 12 
1503 924 12 
1504 925 12 
1505 926 12 
1506 927 12 
1507 928 12 
1508 928 12 
1509 928 12 
1510 929 12 
1511 930 12 
1512 931 12 
1513 932 12 
1514 932 12 
1515 932 12 
1516 933 12 
1517 934 12 
1518 935 12 
1519 936 12 
1520 937 12 
1521 938 12 
1522 939 12 
1523 939 12 
1524 939 12 
1525 940 12 
1526 941 12 
1527 942 12 
1528 943 12 
1529 944 12 
1530 945 12 
1531 946 12 
1532 947 12 
1533 947 12 
1534 947 12 
1535 948 12 
1536 949 12 
1537 949 12 
1538 950 12 
1539 951 12 
1540 951 12 
1541 952 12 
1542 953 12 
1543 953 12 
1544 953 12 
1545 954 12 
1546 954 12 
1547 955 12 
1548 956 12 
1549 956 12 
1550 956 12 
1551 957 12 
1552 958 12 
1553 958 12 
1554 958 12 
1555 959 12 
1556 960 12 
1557 960 12 
1558 960 12 
1559 961 12 
1560 962 12 
1561 963 12 
1562 964 12 
1563 966 12 
1564 967 12 
1565 968 12 
1566 969 12 
1567 970 12 
1568 971 12 
1569 972 12 
1570 973 12 
1571 974 12 
1572 974 12 
1573 974 12 
1574 975 12 
1575 976 12 
1576 976 12 
1577 976 12 
1578 977 12 
1579 978 12 
1580 979 12 
1581 980 12 
1582 981 12 
1583 982 12 
1584 983 12 
1585 983 12 
1586 983 12 
1587 984 12 
1588 985 12 
1589 986 12 
1590 987 12 
1591 988 12 
1592 989 12 
1593 990 12 
1594 991 12 
1595 991 12 
1596 991 12 
1597 992 12 
1598 993 12 
1599 993 12 
1600 993 12 
1601 994 12 
1602 995 12 
1603 995 12 
1604 996 12 
1605 997 12 
1606 997 12 
1607 998 12 
1608 998 12 
1609 998 12 
1610 999 12 
1611 1000 12 
1612 1000 12 
1613 1001 12 
1614 1002 12 
1615 1002 12 
1616 1002 12 
1617 1003 12 
1618 1004 12 
1619 1004 12 
1620 1004 12 
1621 1005 12 
1622 1006 12 
1623 1008 12 
1624 1009 12 
1625 1010 12 
1626 1011 12 
1627 1012 12 
1628 1013 12 
1629 1013 12 
1630 1013 12 
1631 1014 12 
1632 1015 12 
1633 1016 12 
1634 1017 12 
1635 1018 12 
1636 1019 12 
1637 1020 12 
1638 1020 12 
1639 1020 12 
1640 1021 12 
1641 1022 12 
1642 1023 12 
1643 1024 12 
1644 1025 12 
1645 1026 12 
1646 1027 12 
1647 1027 12 
1648 1027 12 
1649 1028 12 
1650 1029 12 
1651 1030 12 
1652 1031 12 
1653 1032 12 
1654 1033 12 
1655 1034 12 
1656 1035 12 
1657 1035 12 
1658 1035 12 
1659 1036 12 
1660 1037 12 
1661 1037 12 
1662 1038 12 
1663 1039 12 
1664 1039 12 
1665 1040 12 
1666 1041 12 
1667 1041 12 
1668 1041 12 
1669 1042 12 
1670 1042 12 
1671 1043 12 
1672 1044 12 
1673 1044 12 
1674 1044 12 
1675 1045 12 
1676 1046 12 
1677 1046 12 
1678 1046 12 
1679 1047 12 
1680 1049 12 
1681 1050 12 
1682 1051 12 
1683 1052 12 
1684 1053 12 
1685 1054 12 
1686 1054 12 
1687 1054 12 
1688 1055 12 
1689 1056 12 
1690 1058 12 
1691 1059 12 
1692 1060 12 
1693 1061 12 
1694 1062 12 
1695 1063 12 
1696 1064 12 
1697 1065 12 
1698 1066 12 
1699 1067 12 
1700 1067 12 
1701 1067 12 
1702 1068 12 
1703 1069 12 
1704 1069 12 
1705 1069 12 
1706 1070 12 
1707 1071 12 
1708 1072 12 
1709 1073 12 
1710 1074 12 
1711 1075 12 
1712 1075 12 
1713 1075 12 
1714 1076 12 
1715 1077 12 
1716 1078 12 
1717 1079 12 
1718 1080 12 
1719 1081 12 
1720 1082 12 
1721 1082 12 
1722 1082 12 
1723 1083 12 
1724 1084 12 
1725 1085 12 
1726 1086 12 
1727 1087 12 
1728 1088 12 
1729 1089 12 
1730 1090 12 
1731 1090 12 
1732 1090 12 
1733 1091 12 
1734 1092 12 
1735 1092 12 
1736 1093 12 
1737 1094 12 
1738 1094 12 
1739 1095 12 
1740 1096 12 
1741 1096 12 
1742 1096 12 
1743 1097 12 
1744 1097 12 
1745 1098 12 
1746 1099 12 
1747 1099 12 
1748 1099 12 
1749 1100 12 
1750 1101 12 
1751 1102 12 
1752 1103 12 
1753 1104 12 
1754 1105 12 
1755 1106 12 
1756 1107 12 
1757 1108 12 
1758 1108 12 
1759 1108 12 
1760 1109 12 
1761 1110 12 
1762 1110 12 
1763 1110 12 
1764 1111 12 
1765 1112 12 
1766 1113 12 
1767 1114 12 
1768 1114 12 
1769 1115 12 
1770 1115 12 
1771 1115 12 
1772 1116 12 
1773 1117 12 
1774 1118 12 
1775 1119 12 
1776 1120 12 
1777 1121 12 
1778 1122 12 
1779 1123 12 
1780 1124 12 
1781 1124 12 
1782 1124 12 
1783 1125 12 
1784 1126 12 
1785 1126 12 
1786 1127 12 
1787 1128 12 
1788 1129 12 
1789 1130 12 
1790 1130 12 
1791 1130 12 
1792 1131 12 
1793 1132 12 
1794 1133 12 
1795 1134 12 
1796 1135 12 
1797 1136 12 
1798 1137 12 
1799 1138 12 
1800 1139 12 
1801 1139 12 
1802 1139 12 
1803 1140 12 
1804 1141 12 
1805 1141 12 
1806 1142 12 
1807 1143 12 
1808 1143 12 
1809 1143 12 
1810 1144 12 
1811 1145 12 
1812 1146 12 
1813 1146 12 
1814 1146 12 
1815 1147 12 
1816 1147 12 
1817 1147 12 
1818 1148 12 
1819 1149 12 
1820 1149 12 
1821 1149 12 
1822 1150 12 
1823 1151 12 
1824 1151 12 
1825 1151 12 
1826 1152 12 
1827 1154 12 
1828 1155 12 
1829 1156 12 
1830 1157 12 
1831 1158 12 
1832 1159 12 
1833 1160 12 
1834 1160 12 
1835 1160 12 
1836 1161 12 
1837 1161 12 
1838 1161 12 
1839 1162 12 
1840 1163 12 
1841 1163 12 
1842 1163 12 
1843 1164 12 
1844 1165 12 
1845 1166 12 
1846 1168 12 
1847 1169 12 
1848 1170 12 
1849 1171 12 
1850 1171 12 
1851 1171 12 
1852 1172 12 
1853 1174 12 
1854 1175 12 
1855 1176 12 
1856 1177 12 
1857 1178 12 
1858 1178 12 
1859 1178 12 
1860 1179 12 
1861 1180 12 
1862 1182 12 
1863 1183 12 
1864 1184 12 
1865 1185 12 
1866 1186 12 
1867 1187 12 
1868 1188 12 
1869 1189 12 
1870 1190 12 
1871 1191 12 
1872 1191 12 
1873 1191 12 
1874 1192 12 
1875 1193 12 
1876 1194 12 
1877 1195 12 
1878 1196 12 
1879 1197 12 
1880 1198 12 
1881 1198 12 
1882 1198 12 
1883 1199 12 
1884 1200 12 
1885 1201 12 
1886 1202 12 
1887 1203 12 
1888 1204 12 
1889 1205 12 
1890 1205 12 
1891 1205 12 
1892 1206 12 
1893 1207 12 
1894 1207 12 
1895 1207 12 
1896 1208 12 
1897 1209 12 
1898 1210 12 
1899 1211 12 
1900 1212 12 
1901 1213 12 
1902 1214 12 
1903 1215 12 
1904 1215 12 
1905 1215 12 
1906 1216 12 
1907 1217 12 
1908 1217 12 
1909 1218 12 
1910 1219 12 
1911 1219 12 
1912 1220 12 
1913 1221 12 
1914 1221 12 
1915 1221 12 
1916 1222 12 
1917 1222 12 
1918 1223 12 
1919 1224 12 
1920 1224 12 
1921 1224 12 
1922 1225 12 
1923 1226 12 
1924 1227 12 
1925 1228 12 
1926 1229 12 
1927 1230 12 
1928 1231 12 
1929 1232 12 
1930 1233 12 
1931 1233 12 
1932 1233 12 
1933 1234 12 
1934 1235 12 
1935 1235 12 
1936 1235 12 
1937 1236 12 
1938 1237 12 
1939 1237 12 
1940 1238 12 
1941 1239 12 
1942 1240 12 
1943 1240 12 
1944 1240 12 
1945 1241 12 
1946 1242 12 
1947 1243 12 
1948 1244 12 
1949 1245 12 
1950 1246 12 
1951 1247 12 
1952 1248 12 
1953 1249 12 
1954 1249 12 
1955 1249 12 
1956 1250 12 
1957 1251 12 
1958 1251 12 
1959 1252 12 
1960 1253 12 
1961 1253 12 
1962 1253 12 
1963 1254 12 
1964 1255 12 
1965 1256 12 
1966 1257 12 
1967 1258 12 
1968 1259 12 
1969 1260 12 
1970 1261 12 
1971 1261 12 
1972 1261 12 
1973 1262 12 
1974 1263 12 
1975 1264 12 
1976 1264 12 
1977 1265 12 
1978 1266 12 
1979 1267 12 
1980 1267 12 
1981 1267 12 
1982 1268 12 
1983 1269 12 
1984 1270 12 
1985 1270 12 
1986 1270 12 
1987 1271 12 
1988 1272 12 
1989 1272 12 
1990 1272 12 
1991 1273 12 
1992 1274 12 
1993 1274 12 
1994 1274 12 
1995 1275 12 
1996 1276 12 
1997 1276 12 
1998 1276 12 
1999 1277 12 
2000 1278 12 
2001 1280 12 
2002 1281 12 
2003 1282 12 
2004 1283 12 
2005 1284 12 
2006 1285 12 
2007 1285 12 
2008 1285 12 
2009 1286 12 
2010 1286 12 
2011 1286 12 
2012 1287 12 
2013 1288 12 
2014 1288 12 
2015 1288 12 
2016 1289 12 
2017 1290 12 
2018 1291 12 
2019 1292 12 
2020 1294 12 
2021 1295 12 
2022 1296 13 
2023 1296 13 
2024 1297 13 
2025 1297 13 
2026 1298 13 
2027 1298 13 
2028 1299 13 
2029 1299 13 
2030 1300 13 
2031 1300 13 
2032 1301 13 
2033 1302 13 
2034 1302 13 
2035 1303 13 
2036 1303 13 
2037 1304 13 
2038 1304 13 
2039 1305 13 
2040 1305 13 
2041 1306 13 
2042 1307 13 
2043 1307 13 
2044 1308 13 
2045 1308 13 
2046 1309 13 
2047 1309 13 
2048 1310 13 
2049 1310 13 
2050 1311 13 
2051 1312 13 
2052 1312 13 
2053 1313 13 
2054 1314 13 
2055 1314 13 
2056 1315 13 
2057 1316 13 
2058 1316 13 
2059 1317 13 
2060 1317 13 
2061 1318 13 
2062 1318 13 
2063 1319 13 
2064 1319 13 
2065 1320 13 
2066 1320 13 
2067 1321 13 
2068 1321 13 
2069 1322 13 
2070 1322 13 
2071 1323 13 
2072 1323 13 
2073 1324 13 
2074 1324 13 
2075 1325 13 
2076 1325 13 
2077 1326 13 
2078 1326 13 
2079 1327 13 
2080 1327 13 
2081 1328 13 
2082 1328 13 
2083 1329 13 
2084 1329 13 
2085 1330 13 
2086 1330 13 
2087 1331 13 
2088 1331 13 
2089 1332 13 
2090 1332 13 
2091 1333 13 
2092 1333 13 
2093 1334 13 
2094 1334 13 
2095 1335 13 
2096 1335 13 
2097 1336 13 
2098 1336 13 
2099 1337 13 
2100 1337 13 
2101 1338 13 
2102 1338 13 
2103 1339 13 
2104 1339 13 
2105 1340 13 
2106 1340 13 
2107 1341 13 
2108 1341 13 
2109 1342 13 
2110 1343 13 
2111 1343 13 
2112 1344 13 
2113 1344 13 
2114 1345 13 
2115 1345 13 
2116 1346 13 
2117 1346 13 
2118 1347 13 
2119 1347 13 
2120 1348 13 
2121 1348 13 
2122 1349 13 
2123 1349 13 
2124 1350 13 
2125 1350 13 
2126 1351 13 
2127 1351 13 
2128 1352 13 
2129 1353 13 
2130 1353 13 
2131 1354 13 
2132 1354 13 
2133 1355 13 
2134 1355 13 
2135 1356 13 
2136 1356 13 
2137 1357 13 
2138 1357 13 
2139 1358 13 
2140 1358 13 
2141 1359 13 
2142 1359 13 
2143 1360 13 
2144 1360 13 
2145 1361 13 
2146 1362 13 
2147 1362 13 
2148 1363 13 
2149 1363 13 
2150 1364 13 
2151 1364 13 
2152 1365 13 
2153 1365 13 
2154 1366 13 
2155 1366 13 
2156 1367 13 
2157 1367 13 
2158 1368 13 
2159 1368 13 
2160 1369 13 
2161 1370 13 
2162 1370 13 
2163 1371 13 
2164 1371 13 
2165 1372 13 
2166 1373 13 
2167 1374 13 
2168 1374 13 
2169 1375 13 
2170 1375 13 
2171 1376 13 
2172 1376 13 
2173 1377 13 
2174 1377 13 
2175 1378 13 
2176 1378 13 
2177 1379 13 
2178 1380 13 
2179 1380 13 
2180 1381 13 
2181 1381 13 
2182 1382 13 
2183 1382 13 
2184 1383 13 
2185 1383 13 
2186 1384 13 
2187 1384 13 
2188 1385 13 
2189 1385 13 
2190 1386 13 
2191 1386 13 
2192 1387 13 
2193 1387 13 
2194 1388 13 
2195 1388 13 
2196 1389 13 
2197 1389 13 
2198 1390 13 
2199 1390 13 
2200 1391 13 
2201 1391 13 
2202 1392 13 
2203 1392 13 
2204 1393 13 
2205 1393 13 
2206 1394 13 
2207 1394 13 
2208 1395 13 
2209 1395 13 
2210 1396 13 
2211 1396 13 
2212 1397 13 
2213 1397 13 
2214 1398 13 
2215 1398 13 
2216 1399 13 
2217 1399 13 
2218 1400 13 
2219 1400 13 
2220 1401 13 
2221 1401 13 
2222 1402 13 
2223 1402 13 
2224 1403 13 
2225 1403 13 
2226 1404 13 
2227 1404 13 
2228 1405 13 
2229 1405 13 
2230 1406 13 
2231 1406 13 
2232 1407 13 
2233 1408 13 
2234 1408 13 
2235 1409 13 
2236 1409 13 
2237 1410 13 
2238 1410 13 
2239 1411 13 
2240 1411 13 
2241 1412 13 
2242 1412 13 
2243 1413 13 
2244 1413 13 
2245 1414 13 
2246 1414 13 
2247 1415 13 
2248 1415 13 
2249 1416 13 
2250 1416 13 
2251 1417 13 
2252 1418 13 
2253 1418 13 
2254 1419 13 
2255 1419 13 
2256 1420 13 
2257 1420 13 
2258 1421 13 
2259 1421 13 
2260 1422 13 
2261 1422 13 
2262 1423 13 
2263 1423 13 
2264 1424 13 
2265 1424 13 
2266 1425 13 
2267 1425 13 
2268 1426 13 
2269 1426 13 
2270 1427 13 
2271 1427 13 
2272 1428 13 
2273 1428 13 
2274 1429 13 
2275 1430 13 
2276 1430 13 
2277 1431 13 
2278 1431 13 
2279 1432 13 
2280 1432 13 
2281 1433 13 
2282 1433 13 
2283 1434 13 
2284 1434 13 
2285 1435 13 
2286 1436 13 
2287 1436 13 
2288 1437 13 
2289 1437 13 
2290 1438 13 
2291 1439 13 
2292 1439 13 
2293 1440 13 
2294 1440 13 
2295 1441 13 
2296 1441 13 
2297 1442 13 
2298 1442 13 
2299 1443 13 
2300 1443 13 
2301 1444 13 
2302 1444 13 
2303 1445 13 
2304 1445 13 
2305 1446 13 
2306 1447 13 
2307 1447 13 
2308 1448 13 
2309 1448 13 
2310 1449 13 
2311 1450 13 
2312 1450 13 
2313 1451 13 
2314 1451 13 
2315 1452 13 
2316 1452 13 
2317 1453 13 
2318 1453 13 
2319 1454 13 
2320 1454 13 
2321 1455 13 
2322 1455 13 
2323 1456 13 
2324 1456 13 
2325 1457 13 
2326 1457 13 
2327 1458 13 
2328 1458 13 
2329 1459 13 
2330 1459 13 
2331 1460 13 
2332 1460 13 
2333 1461 13 
2334 1461 13 
2335 1462 13 
2336 1462 13 
2337 1463 13 
2338 1463 13 
2339 1464 13 
2340 1464 13 
2341 1465 13 
2342 1465 13 
2343 1466 13 
2344 1467 13 
2345 1467 13 
2346 1468 13 
2347 1468 13 
2348 1469 13 
2349 1469 13 
2350 1470 13 
2351 1470 13 
2352 1471 13 
2353 1471 13 
2354 1472 13 
2355 1472 13 
2356 1473 13 
2357 1473 13 
2358 1474 13 
2359 1474 13 
2360 1475 13 
2361 1475 13 
2362 1476 13 
2363 1476 13 
2364 1477 13 
2365 1477 13 
2366 1478 13 
2367 1478 13 
2368 1479 13 
2369 1479 13 
2370 1480 13 
2371 1480 13 
2372 1481 13 
2373 1481 13 
2374 1482 13 
2375 1483 13 
2376 1483 13 
2377 1484 13 
2378 1484 13 
2379 1485 13 
2380 1485 13 
2381 1486 13 
2382 1487 13 
2383 1487 13 
2384 1488 13 
2385 1488 13 
2386 1489 13 
2387 1489 13 
2388 1490 13 
2389 1490 13 
2390 1491 13 
2391 1491 13 
2392 1492 13 
2393 1492 13 
2394 1493 13 
2395 1493 13 
2396 1494 13 
2397 1495 13 
2398 1495 13 
2399 1496 13 
2400 1496 13 
2401 1497 13 
2402 1497 13 
2403 1498 13 
2404 1498 13 
2405 1499 13 
2406 1500 13 
2407 1500 13 
2408 1501 13 
2409 1501 13 
2410 1502 13 
2411 1503 13 
2412 1503 13 
2413 1504 13 
2414 1504 13 
2415 1505 13 
2416 1505 13 
2417 1506 13 
2418 1506 13 
2419 1507 13 
2420 1507 13 
2421 1508 13 
2422 1508 13 
2423 1509 13 
2424 1509 13 
2425 1510 13 
2426 1510 13 
2427 1511 13 
2428 1511 13 
2429 1512 13 
2430 1512 13 
2431 1513 13 
2432 1513 13 
2433 1514 13 
2434 1514 13 
2435 1515 13 
2436 1515 13 
2437 1516 13 
2438 1517 13 
2439 1517 13 
2440 1518 13 
2441 1519 13 
2442 1519 13 
2443 1520 13 
2444 1520 13 
2445 1521 13 
2446 1521 13 
2447 1522 13 
2448 1522 13 
2449 1523 13 
2450 1523 13 
2451 1524 13 
2452 1524 13 
2453 1525 13 
2454 1525 13 
2455 1526 13 
2456 1526 13 
2457 1527 13 
2458 1527 13 
2459 1528 13 
2460 1528 13 
2461 1529 13 
2462 1530 13 
2463 1530 13 
2464 1531 13 
2465 1531 13 
2466 1532 13 
2467 1532 13 
2468 1533 13 
2469 1533 13 
2470 1534 13 
2471 1534 13 
2472 1535 13 
2473 1535 13 
2474 1536 13 
2475 1536 13 
2476 1537 13 
2477 1537 13 
2478 1538 13 
2479 1538 13 
2480 1539 13 
2481 1539 13 
2482 1540 13 
2483 1540 13 
2484 1541 13 
2485 1541 13 
2486 1542 13 
2487 1542 13 
2488 1543 13 
2489 1543 13 
2490 1544 13 
2491 1544 13 
2492 1545 13 
2493 1545 13 
2494 1546 13 
2495 1547 13 
2496 1547 13 
2497 1548 13 
2498 1548 13 
2499 1549 13 
2500 1550 13 
2501 1550 13 
2502 1551 13 
2503 1551 13 
2504 1552 13 
2505 1552 13 
2506 1553 13 
2507 1554 13 
2508 1554 13 
2509 1555 13 
2510 1555 13 
2511 1556 13 
2512 1556 13 
2513 1557 13 
2514 1557 13 
2515 1558 13 
2516 1558 13 
2517 1559 13 
2518 1559 13 
2519 1560 13 
2520 1561 13 
2521 1561 13 
2522 1562 13 
2523 1562 13 
2524 1563 13 
2525 1563 13 
2526 1564 13 
2527 1564 13 
2528 1565 13 
2529 1565 13 
2530 1566 13 
2531 1567 13 
2532 1567 13 
2533 1568 13 
2534 1568 13 
2535 1569 13 
2536 1569 13 
2537 1570 13 
2538 1570 13 
2539 1571 13 
2540 1571 13 
2541 1572 13 
2542 1572 13 
2543 1573 13 
2544 1573 13 
2545 1574 13 
2546 1574 13 
2547 1575 13 
2548 1575 13 
2549 1576 13 
2550 1576 13 
2551 1577 13 
2552 1577 13 
2553 1578 13 
2554 1579 13 
2555 1579 13 
2556 1580 13 
2557 1581 13 
2558 1581 13 
2559 1582 13 
2560 1582 13 
2561 1583 13 
2562 1583 13 
2563 1584 13 
2564 1584 13 
2565 1585 13 
2566 1585 13 
2567 1586 13 
2568 1586 13 
2569 1587 13 
2570 1587 13 
2571 1588 13 
2572 1588 13 
2573 1589 13 
2574 1589 13 
2575 1590 13 
2576 1591 13 
2577 1591 13 
2578 1592 13 
2579 1592 13 
2580 1593 13 
2581 1593 13 
2582 1594 13 
2583 1594 13 
2584 1595 13 
2585 1595 13 
2586 1596 13 
2587 1596 13 
2588 1597 13 
2589 1597 13 
2590 1598 13 
2591 1598 13 
2592 1599 13 
2593 1599 13 
2594 1600 13 
2595 1600 13 
2596 1601 13 
2597 1601 13 
2598 1602 13 
2599 1602 13 
2600 1603 13 
2601 1603 13 
2602 1604 13 
2603 1604 13 
2604 1605 13 
2605 1605 13 
2606 1606 13 
2607 1606 13 
2608 1607 13 
2609 1607 13 
2610 1608 13 
2611 1608 13 
2612 1609 13 
2613 1610 13 
2614 1610 13 
2615 1611 13 
2616 1611 13 
2617 1612 13 
2618 1613 13 
2619 1613 13 
2620 1614 13 
2621 1614 13 
2622 1615 13 
2623 1616 13 
2624 1616 13 
2625 1617 13 
2626 1617 13 
2627 1618 13 
2628 1618 13 
2629 1619 13 
2630 1619 13 
2631 1620 13 
2632 1620 13 
2633 1621 13 
2634 1621 13 
2635 1622 13 
2636 1622 13 
2637 1623 13 
2638 1624 13 
2639 1624 13 
2640 1625 13 
2641 1625 13 
2642 1626 13 
2643 1626 13 
2644 1627 13 
2645 1627 13 
2646 1628 13 
2647 1628 13 
2648 1629 13 
2649 1629 13 
2650 1630 13 
2651 1630 13 
2652 1631 13 
2653 1631 13 
2654 1632 13 
2655 1633 13 
2656 1633 13 
2657 1634 13 
2658 1634 13 
2659 1635 13 
2660 1635 13 
2661 1636 13 
2662 1636 13 
2663 1637 13 
2664 1637 13 
2665 1638 13 
2666 1638 13 
2667 1639 13 
2668 1639 13 
2669 1640 13 
2670 1641 13 
2671 1641 13 
2672 1642 13 
2673 1642 13 
2674 1643 13 
2675 1644 13 
2676 1644 13 
2677 1645 13 
2678 1645 13 
2679 1646 13 
2680 1646 13 
2681 1647 13 
2682 1647 13 
2683 1648 13 
2684 1648 13 
2685 1649 13 
2686 1649 13 
2687 1650 13 
2688 1650 13 
2689 1651 13 
2690 1652 13 
2691 1652 13 
2692 1653 13 
2693 1653 13 
2694 1654 13 
2695 1654 13 
2696 1655 13 
2697 1655 13 
2698 1656 13 
2699 1656 13 
2700 1657 13 
2701 1657 13 
2702 1658 13 
2703 1658 13 
2704 1659 13 
2705 1659 13 
2706 1660 13 
2707 1660 13 
2708 1661 13 
2709 1661 13 
2710 1662 13 
2711 1662 13 
2712 1663 13 
2713 1663 13 
2714 1664 13 
2715 1664 13 
2716 1665 13 
2717 1665 13 
2718 1666 13 
2719 1666 13 
2720 1667 13 
2721 1667 13 
2722 1668 13 
2723 1668 13 
2724 1669 13 
2725 1669 13 
2726 1670 13 
2727 1671 13 
2728 1671 13 
2729 1672 13 
2730 1672 13 
2731 1673 13 
2732 1673 13 
2733 1674 13 
2734 1675 13 
2735 1675 13 
2736 1676 13 
2737 1676 13 
2738 1677 13 
2739 1677 13 
2740 1678 13 
2741 1678 13 
2742 1679 13 
2743 1679 13 
2744 1680 13 
2745 1680 13 
2746 1681 13 
2747 1681 13 
2748 1682 13 
2749 1683 13 
2750 1683 13 
2751 1684 13 
2752 1684 13 
2753 1685 13 
2754 1685 13 
2755 1686 13 
2756 1686 13 
2757 1687 13 
2758 1687 13 
2759 1688 13 
2760 1688 13 
2761 1689 13 
2762 1689 13 
2763 1690 13 
2764 1690 13 
2765 1691 13 
2766 1691 13 
2767 1692 13 
2768 1693 13 
2769 1693 13 
2770 1694 13 
2771 1695 13 
2772 1695 13 
2773 1696 13 
2774 1696 13 
2775 1697 13 
2776 1697 13 
2777 1698 13 
2778 1698 13 
2779 1699 13 
2780 1699 13 
2781 1700 13 
2782 1700 13 
2783 1701 13 
2784 1701 13 
2785 1702 13 
2786 1702 13 
2787 1703 13 
2788 1703 13 
2789 1704 13 
2790 1704 13 
2791 1705 13 
2792 1705 13 
2793 1706 13 
2794 1707 13 
2795 1707 13 
2796 1708 13 
2797 1709 13 
2798 1709 13 
2799 1710 13 
2800 1710 13 
2801 1711 13 
2802 1711 13 
2803 1712 13 
2804 1712 13 
2805 1713 13 
2806 1713 13 
2807 1714 13 
2808 1715 13 
2809 1715 13 
2810 1716 13 
2811 1717 13 
2812 1717 13 
2813 1718 13 
2814 1718 13 
2815 1719 13 
2816 1720 13 
2817 1720 13 
2818 1721 13 
2819 1721 13 
2820 1722 13 
2821 1722 13 
2822 1723 13 
2823 1723 13 
2824 1724 13 
2825 1724 13 
2826 1725 13 
2827 1725 13 
2828 1726 13 
2829 1726 13 
2830 1727 13 
2831 1728 13 
2832 1728 13 
2833 1729 13 
2834 1729 13 
2835 1730 13 
2836 1731 13 
2837 1731 13 
2838 1732 13 
2839 1732 13 
2840 1733 13 
2841 1733 13 
2842 1734 13 
2843 1734 13 
2844 1735 13 
2845 1735 13 
2846 1736 13 
2847 1736 13 
2848 1737 13 
2849 1737 13 
2850 1738 13 
2851 1738 13 
2852 1739 13 
2853 1739 13 
2854 1740 13 
2855 1740 13 
2856 1741 13 
2857 1741 13 
2858 1742 13 
2859 1742 13 
2860 1743 13 
2861 1743 13 
2862 1744 13 
2863 1745 13 
2864 1745 13 
2865 1746 13 
2866 1746 13 
2867 1747 13 
2868 1748 13 
2869 1748 13 
2870 1749 13 
2871 1749 13 
2872 1750 13 
2873 1750 13 
2874 1751 13 
2875 1751 13 
2876 1752 13 
2877 1752 13 
2878 1753 13 
2879 1753 13 
2880 1754 13 
2881 1754 13 
2882 1755 13 
2883 1756 13 
2884 1756 13 
2885 1757 13 
2886 1757 13 
2887 1758 13 
2888 1758 13 
2889 1759 13 
2890 1759 13 
2891 1760 13 
2892 1760 13 
2893 1761 13 
2894 1761 13 
2895 1762 13 
2896 1762 13 
2897 1763 13 
2898 1763 13 
2899 1764 13 
2900 1764 13 
2901 1765 13 
2902 1765 13 
2903 1766 13 
2904 1766 13 
2905 1767 13 
2906 1767 13 
2907 1768 13 
2908 1768 13 
2909 1769 13 
2910 1769 13 
2911 1770 13 
2912 1771 13 
2913 1771 13 
2914 1772 13 
2915 1772 13 
2916 1773 13 
2917 1773 13 
2918 1774 13 
2919 1774 13 
2920 1775 13 
2921 1776 13 
2922 1776 13 
2923 1777 13 
2924 1777 13 
2925 1778 13 
2926 1778 13 
2927 1779 13 
2928 1780 13 
2929 1780 13 
2930 1781 13 
2931 1781 13 
2932 1782 13 
2933 1782 13 
2934 1783 13 
2935 1783 13 
2936 1784 13 
2937 1784 13 
2938 1785 13 
2939 1785 13 
2940 1786 13 
2941 1786 13 
2942 1787 13 
2943 1788 13 
2944 1788 13 
2945 1789 13 
2946 1789 13 
2947 1790 13 
2948 1790 13 
2949 1791 13 
2950 1792 13 
2951 1792 13 
2952 1793 13 
2953 1793 13 
2954 1794 13 
2955 1794 13 
2956 1795 13 
2957 1796 13 
2958 1796 13 
2959 1797 13 
2960 1798 13 
2961 1798 13 
2962 1799 13 
2963 1799 13 
2964 1800 13 
2965 1800 13 
2966 1801 13 
2967 1801 13 
2968 1802 13 
2969 1802 13 
2970 1803 13 
2971 1803 13 
2972 1804 13 
2973 1804 13 
2974 1805 13 
2975 1805 13 
2976 1806 13 
2977 1806 13 
2978 1807 13 
2979 1807 13 
2980 1808 13 
2981 1809 13 
2982 1809 13 
2983 1810 13 
2984 1810 13 
2985 1811 13 
2986 1811 13 
2987 1812 13 
2988 1812 13 
2989 1813 13 
2990 1813 13 
2991 1814 13 
2992 1814 13 
2993 1815 13 
2994 1815 13 
2995 1816 13 
2996 1817 13 
2997 1817 13 
2998 1818 13 
2999 1819 13 
3000 1819 13 
3001 1820 13 
3002 1820 13 
3003 1821 13 
3004 1822 13 
3005 1822 13 
3006 1823 13 
3007 1823 13 
3008 1824 13 
3009 1824 13 
3010 1825 13 
3011 1825 13 
3012 1826 13 
3013 1826 13 
3014 1827 13 
3015 1827 13 
3016 1828 13 
3017 1828 13 
3018 1829 13 
3019 1829 13 
3020 1830 13 
3021 1830 13 
3022 1831 13 
3023 1831 13 
3024 1832 13 
3025 1832 13 
3026 1833 13 
3027 1833 13 
3028 1834 13 
3029 1834 13 
3030 1835 13 
3031 1835 13 
3032 1836 13 
3033 1836 13 
3034 1837 13 
3035 1837 13 
3036 1838 13 
3037 1839 13 
3038 1839 13 
3039 1840 13 
3040 1840 13 
3041 1841 13 
3042 1841 13 
3043 1842 13 
3044 1842 13 
3045 1843 13 
3046 1843 13 
3047 1844 13 
3048 1844 13 
3049 1845 13 
3050 1845 13 
3051 1846 13 
3052 1846 13 
3053 1847 13 
3054 1847 13 
3055 1848 13 
3056 1848 13 
3057 1849 13 
3058 1849 13 
3059 1850 13 
3060 1850 13 
3061 1851 13 
3062 1851 13 
3063 1852 13 
3064 1852 13 
3065 1853 13 
3066 1853 13 
3067 1854 13 
3068 1854 13 
3069 1855 13 
3070 1855 13 
3071 1856 13 
3072 1857 13 
3073 1857 13 
3074 1858 13 
3075 1858 13 
3076 1859 13 
3077 1859 13 
3078 1860 13 
3079 1860 13 
3080 1861 13 
3081 1861 13 
3082 1862 13 
3083 1863 13 
3084 1863 13 
3085 1864 13 
3086 1864 13 
3087 1865 13 
3088 1865 13 
3089 1866 13 
3090 1867 13 
3091 1867 13 
3092 1868 13 
3093 1868 13 
3094 1869 13 
3095 1870 13 
3096 1870 13 
3097 1871 13 
3098 1871 13 
3099 1872 13 
3100 1872 13 
3101 1873 13 
3102 1873 13 
3103 1874 13 
3104 1874 13 
3105 1875 13 
3106 1876 13 
3107 1876 13 
3108 1877 13 
3109 1877 13 
3110 1878 13 
3111 1878 13 
3112 1879 13 
3113 1880 13 
3114 1880 13 
3115 1881 13 
3116 1881 13 
3117 1882 13 
3118 1882 13 
3119 1883 13 
3120 1884 13 
3121 1885 13 
3122 1885 13 
3123 1886 13 
3124 1887 13 
3125 1887 13 
3126 1888 13 
3127 1888 13 
3128 1889 13 
3129 1889 13 
3130 1890 13 
3131 1891 13 
3132 1891 13 
3133 1892 13 
3134 1892 13 
3135 1893 13 
3136 1893 13 
3137 1894 13 
3138 1894 13 
3139 1895 13 
3140 1895 13 
3141 1896 13 
3142 1896 13 
3143 1897 13 
3144 1897 13 
3145 1898 13 
3146 1900 13 
3147 1900 13 
3148 1901 13 
3149 1901 13 
3150 1902 13 
3151 1902 13 
3152 1903 13 
3153 1904 13 
3154 1904 13 
3155 1905 13 
3156 1905 13 
3157 1906 13 
3158 1906 13 
3159 1907 13 
3160 1907 13 
3161 1908 13 
3162 1908 13 
3163 1909 13 
3164 1909 13 
3165 1910 13 
3166 1910 13 
3167 1911 13 
3168 1911 13 
3169 1912 13 
3170 1913 13 
3171 1913 13 
3172 1914 13 
3173 1914 13 
3174 1915 13 
3175 1916 13 
3176 1916 13 
3177 1917 13 
3178 1918 13 
3179 1918 13 
3180 1919 13 
3181 1919 13 
3182 1920 13 
3183 1920 13 
3184 1921 13 
3185 1922 13 
3186 1922 13 
3187 1923 13 
3188 1923 13 
3189 1924 13 
3190 1924 13 
3191 1925 13 
3192 1925 13 
3193 1926 13 
3194 1927 13 
3195 1928 13 
3196 1928 13 
3197 1929 13 
3198 1929 13 
3199 1930 13 
3200 1930 13 
3201 1931 13 
3202 1931 13 
3203 1932 13 
3204 1932 13 
3205 1933 13 
3206 1933 13 
3207 1934 13 
3208 1934 13 
3209 1935 13 
3210 1935 13 
3211 1936 13 
3212 1936 13 
3213 1937 13 
3214 1937 13 
3215 1938 13 
3216 1938 13 
3217 1939 13 
3218 1939 13 
3219 1940 13 
3220 1940 13 
3221 1941 13 
3222 1941 13 
3223 1942 13 
3224 1942 13 
3225 1943 13 
3226 1944 13 
3227 1945 13 
3228 1945 13 
3229 1946 13 
3230 1946 13 
3231 1947 13 
3232 1947 13 
3233 1948 13 
3234 1949 13 
3235 1949 13 
3236 1950 13 
3237 1951 13 
3238 1951 13 
3239 1952 13 
3240 1952 13 
3241 1953 13 
3242 1953 13 
3243 1954 13 
3244 1954 13 
3245 1955 13 
3246 1955 13 
3247 1956 13 
3248 1956 13 
3249 1957 13 
3250 1957 13 
3251 1958 13 
3252 1958 13 
3253 1959 13 
3254 1959 13 
3255 1960 13 
3256 1960 13 
3257 1961 13 
3258 1962 13 
3259 1962 13 
3260 1963 13 
3261 1963 13 
3262 1964 13 
3263 1964 13 
3264 1965 13 
3265 1965 13 
3266 1966 13 
3267 1966 13 
3268 1967 13 
3269 1968 13 
3270 1968 13 
3271 1969 13 
3272 1970 13 
3273 1970 13 
3274 1971 13 
3275 1971 13 
3276 1972 13 
3277 1972 13 
3278 1973 13 
3279 1973 13 
3280 1974 13 
3281 1974 13 
3282 1975 13 
3283 1975 13 
3284 1976 13 
3285 1976 13 
3286 1977 13 
3287 1978 13 
3288 1978 13 
3289 1979 13 
3290 1979 13 
3291 1980 13 
3292 1981 13 
3293 1981 13 
3294 1982 13 
3295 1982 13 
3296 1983 13 
3297 1983 13 
3298 1984 13 
3299 1984 13 
3300 1985 13 
3301 1985 13 
3302 1986 13 
3303 1986 13 
3304 1987 13 
3305 1987 13 
3306 1988 13 
3307 1988 13 
3308 1989 13 
3309 1990 13 
3310 1990 13 
3311 1991 13 
3312 1991 13 
3313 1992 13 
3314 1992 13 
3315 1993 13 
3316 1993 13 
3317 1994 13 
3318 1995 13 
3319 1996 13 
3320 1996 13 
3321 1997 13 
3322 1997 13 
3323 1998 13 
3324 1998 13 
3325 1999 13 
3326 1999 13 
3327 2000 13 
3328 2000 13 
3329 2001 13 
3330 2001 13 
3331 2002 13 
3332 2002 13 
3333 2003 13 
3334 2003 13 
3335 2004 13 
3336 2004 13 
3337 2005 13 
3338 2005 13 
3339 2006 13 
3340 2006 13 
3341 2007 13 
3342 2007 13 
3343 2008 13 
3344 2008 13 
3345 2009 13 
3346 2009 13 
3347 2010 13 
3348 2011 13 
3349 2011 13 
3350 2012 13 
3351 2012 13 
3352 2013 13 
3353 2013 13 
3354 2014 13 
3355 2014 13 
3356 2015 13 
3357 2015 13 
3358 2016 13 
3359 2016 13 
3360 2017 13 
3361 2017 13 
3362 2018 13 
3363 2018 13 
3364 2019 13 
3365 2019 13 
3366 2020 13 
3367 2020 13 
3368 2021 13 
3369 2021 13 
3370 2022 14 
3371 2022 14 
3372 2022 14 
3373 2023 14 
3374 2024 14 
3375 2025 14 
3376 2027 14 
3377 2028 14 
3378 2029 14 
3379 2030 14 
3380 2030 14 
3381 2030 14 
3382 2031 14 
3383 2032 14 
3384 2033 14 
3385 2035 14 
3386 2036 14 
3387 2037 14 
3388 2038 14 
3389 2038 14 
3390 2038 14 
3391 2039 14 
3392 2040 14 
3393 2041 14 
3394 2042 14 
3395 2043 14 
3396 2044 14 
3397 2045 14 
3398 2045 14 
3399 2045 14 
3400 2046 14 
3401 2047 14 
3402 2048 14 
3403 2049 14 
3404 2050 14 
3405 2051 14 
3406 2052 14 
3407 2052 14 
3408 2052 14 
3409 2053 14 
3410 2054 14 
3411 2055 14 
3412 2056 14 
3413 2057 14 
3414 2058 14 
3415 2058 14 
3416 2058 14 
3417 2059 14 
3418 2060 14 
3419 2061 14 
3420 2062 14 
3421 2063 14 
3422 2064 14 
3423 2065 14 
3424 2066 14 
3425 2066 14 
3426 2066 14 
3427 2067 14 
3428 2068 14 
3429 2068 14 
3430 2068 14 
3431 2069 14 
3432 2070 14 
3433 2070 14 
3434 2071 14 
3435 2072 14 
3436 2072 14 
3437 2073 14 
3438 2073 14 
3439 2073 14 
3440 2074 14 
3441 2075 14 
3442 2075 14 
3443 2076 14 
3444 2077 14 
3445 2078 14 
3446 2079 14 
3447 2080 14 
3448 2081 14 
3449 2082 14 
3450 2084 14 
3451 2084 14 
3452 2084 14 
3453 2085 14 
3454 2086 14 
3455 2086 14 
3456 2087 14 
3457 2088 14 
3458 2089 14 
3459 2089 14 
3460 2089 14 
3461 2090 14 
3462 2091 14 
3463 2092 14 
3464 2093 14 
3465 2094 14 
3466 2095 14 
3467 2097 14 
3468 2099 14 
3469 2100 14 
3470 2100 14 
3471 2100 14 
3472 2101 14 
3473 2102 14 
3474 2103 14 
3475 2104 14 
3476 2105 14 
3477 2106 14 
3478 2107 14 
3479 2108 14 
3480 2108 14 
3481 2108 14 
3482 2109 14 
3483 2110 14 
3484 2111 14 
3485 2111 14 
3486 2112 14 
3487 2113 14 
3488 2113 14 
3489 2113 14 
3490 2114 14 
3491 2114 14 
3492 2114 14 
3493 2115 14 
3494 2116 14 
3495 2117 14 
3496 2117 14 
3497 2117 14 
3498 2118 14 
3499 2118 14 
3500 2118 14 
3501 2119 14 
3502 2120 14 
3503 2120 14 
3504 2120 14 
3505 2121 14 
3506 2123 14 
3507 2124 14 
3508 2125 14 
3509 2126 14 
3510 2127 14 
3511 2128 14 
3512 2129 14 
3513 2130 14 
3514 2130 14 
3515 2130 14 
3516 2131 14 
3517 2131 14 
3518 2131 14 
3519 2132 14 
3520 2133 14 
3521 2133 14 
3522 2133 14 
3523 2134 14 
3524 2135 14 
3525 2135 14 
3526 2135 14 
3527 2136 14 
3528 2137 14 
3529 2138 14 
3530 2140 14 
3531 2141 14 
3532 2142 14 
3533 2143 14 
3534 2143 14 
3535 2143 14 
3536 2144 14 
3537 2145 14 
3538 2147 14 
3539 2148 14 
3540 2149 14 
3541 2150 14 
3542 2150 14 
3543 2150 14 
3544 2151 14 
3545 2152 14 
3546 2153 14 
3547 2154 14 
3548 2156 14 
3549 2157 14 
3550 2158 14 
3551 2159 14 
3552 2160 14 
3553 2161 14 
3554 2162 14 
3555 2163 14 
3556 2164 14 
3557 2164 14 
3558 2164 14 
3559 2165 14 
3560 2166 14 
3561 2167 14 
3562 2168 14 
3563 2169 14 
3564 2170 14 
3565 2170 14 
3566 2170 14 
3567 2171 14 
3568 2172 14 
3569 2172 14 
3570 2172 14 
3571 2173 14 
3572 2174 14 
3573 2175 14 
3574 2176 14 
3575 2177 14 
3576 2178 14 
3577 2179 14 
3578 2179 14 
3579 2179 14 
3580 2180 14 
3581 2181 14 
3582 2182 14 
3583 2183 14 
3584 2184 14 
3585 2185 14 
3586 2186 14 
3587 2187 14 
3588 2187 14 
3589 2187 14 
3590 2188 14 
3591 2189 14 
3592 2189 14 
3593 2189 14 
3594 2190 14 
3595 2191 14 
3596 2191 14 
3597 2192 14 
3598 2193 14 
3599 2193 14 
3600 2194 14 
3601 2194 14 
3602 2194 14 
3603 2195 14 
3604 2196 14 
3605 2196 14 
3606 2197 14 
3607 2198 14 
3608 2199 14 
3609 2200 14 
3610 2202 14 
3611 2204 14 
3612 2205 14 
3613 2205 14 
3614 2205 14 
3615 2206 14 
3616 2207 14 
3617 2208 14 
3618 2209 14 
3619 2210 14 
3620 2211 14 
3621 2213 14 
3622 2213 14 
3623 2213 14 
3624 2214 14 
3625 2215 14 
3626 2216 14 
3627 2217 14 
3628 2217 14 
3629 2218 14 
3630 2218 14 
3631 2218 14 
3632 2219 14 
3633 2220 14 
3634 2221 14 
3635 2222 14 
3636 2223 14 
3637 2224 14 
3638 2225 14 
3639 2226 14 
3640 2227 14 
3641 2228 14 
3642 2229 14 
3643 2229 14 
3644 2229 14 
3645 2230 14 
3646 2231 14 
3647 2231 14 
3648 2232 14 
3649 2233 14 
3650 2234 14 
3651 2234 14 
3652 2234 14 
3653 2235 14 
3654 2235 14 
3655 2235 14 
3656 2236 14 
3657 2237 14 
3658 2238 14 
3659 2238 14 
3660 2238 14 
3661 2239 14 
3662 2239 14 
3663 2239 14 
3664 2240 14 
3665 2241 14 
3666 2241 14 
3667 2241 14 
3668 2242 14 
3669 2243 14 
3670 2245 14 
3671 2246 14 
3672 2247 14 
3673 2248 14 
3674 2249 14 
3675 2250 14 
3676 2250 14 
3677 2250 14 
3678 2251 14 
3679 2252 14 
3680 2252 14 
3681 2252 14 
3682 2253 14 
3683 2254 14 
3684 2254 14 
3685 2254 14 
3686 2255 14 
3687 2256 14 
3688 2256 14 
3689 2256 14 
3690 2257 14 
3691 2258 14 
3692 2259 14 
3693 2260 14 
3694 2262 14 
3695 2263 14 
3696 2264 14 
3697 2265 14 
3698 2266 14 
3699 2267 14 
3700 2268 14 
3701 2269 14 
3702 2270 14 
3703 2271 14 
3704 2271 14 
3705 2271 14 
3706 2273 14 
3707 2273 14 
3708 2275 14 
3709 2276 14 
3710 2276 14 
3711 2276 14 
3712 2277 14 
3713 2277 14 
3714 2278 14 
3715 2279 14 
3716 2279 14 
3717 2279 14 
3718 2280 14 
3719 2281 14 
3720 2282 14 
3721 2283 14 
3722 2284 14 
3723 2285 14 
3724 2286 14 
3725 2287 14 
3726 2287 14 
3727 2287 14 
3728 2288 14 
3729 2289 14 
3730 2289 14 
3731 2289 14 
3732 2290 14 
3733 2291 14 
3734 2291 14 
3735 2291 14 
3736 2292 14 
3737 2293 14 
3738 2293 14 
3739 2294 14 
3740 2295 14 
3741 2295 14 
3742 2295 14 
3743 2296 14 
3744 2297 14 
3745 2297 14 
3746 2297 14 
3747 2298 14 
3748 2299 14 
3749 2300 14 
3750 2301 14 
3751 2303 14 
3752 2304 14 
3753 2305 14 
3754 2306 14 
3755 2307 14 
3756 2307 14 
3757 2307 14 
3758 2308 14 
3759 2308 14 
3760 2308 14 
3761 2309 14 
3762 2310 14 
3763 2311 14 
3764 2311 14 
3765 2311 14 
3766 2312 14 
3767 2313 14 
3768 2313 14 
3769 2313 14 
3770 2314 14 
3771 2316 14 
3772 2317 14 
3773 2318 14 
3774 2319 14 
3775 2320 14 
3776 2321 14 
3777 2321 14 
3778 2321 14 
3779 2322 14 
3780 2323 14 
3781 2323 14 
3782 2323 14 
3783 2324 14 
3784 2325 14 
3785 2325 14 
3786 2325 14 
3787 2326 14 
3788 2327 14 
3789 2328 14 
3790 2330 14 
3791 2331 14 
3792 2332 14 
3793 2333 14 
3794 2334 14 
3795 2334 14 
3796 2334 14 
3797 2335 14 
3798 2336 14 
3799 2336 14 
3800 2336 14 
3801 2337 14 
3802 2337 14 
3803 2337 14 
3804 2338 14 
3805 2339 14 
3806 2339 14 
3807 2339 14 
3808 2340 14 
3809 2341 14 
3810 2341 14 
3811 2341 14 
3812 2342 14 
3813 2343 14 
3814 2344 14 
3815 2344 14 
3816 2345 14 
3817 2346 14 
3818 2347 14 
3819 2349 14 
3820 2350 14 
3821 2351 14 
3822 2352 14 
3823 2352 14 
3824 2352 14 
3825 2353 14 
3826 2355 14 
3827 2356 14 
3828 2357 14 
3829 2358 14 
3830 2360 14 
3831 2360 14 
3832 2360 14 
3833 2361 14 
3834 2362 14 
3835 2365 14 
3836 2366 14 
3837 2366 14 
3838 2366 14 
3839 2368 14 
3840 2369 14 
3841 2370 14 
3842 2371 14 
3843 2372 14 
3844 2373 14 
3845 2374 14 
3846 2375 14 
3847 2377 14 
3848 2378 14 
3849 2378 14 
3850 2378 14 
3851 2379 14 
3852 2381 14 
3853 2382 14 
3854 2383 14 
3855 2383 14 
3856 2383 14 
3857 2384 14 
3858 2385 14 
3859 2386 14 
3860 2387 14 
3861 2388 14 
3862 2389 14 
3863 2390 14 
3864 2391 14 
3865 2391 14 
3866 2391 14 
3867 2392 14 
3868 2393 14 
3869 2393 14 
3870 2393 14 
3871 2395 14 
3872 2395 14 
3873 2397 14 
3874 2397 14 
3875 2397 14 
3876 2398 14 
3877 2399 14 
3878 2399 14 
3879 2400 14 
3880 2401 14 
3881 2402 14 
3882 2403 14 
3883 2404 14 
3884 2405 14 
3885 2406 14 
3886 2407 14 
3887 2407 14 
3888 2407 14 
3889 2408 14 
3890 2409 14 
3891 2409 14 
3892 2409 14 
3893 2410 14 
3894 2411 14 
3895 2411 14 
3896 2411 14 
3897 2412 14 
3898 2413 14 
3899 2413 14 
3900 2413 14 
3901 2414 14 
3902 2415 14 
3903 2415 14 
3904 2416 14 
3905 2417 14 
3906 2417 14 
3907 2417 14 
3908 2418 14 
3909 2419 14 
3910 2421 14 
3911 2422 14 
3912 2423 14 
3913 2424 14 
3914 2425 14 
3915 2425 14 
3916 2425 14 
3917 2426 14 
3918 2427 14 
3919 2427 14 
3920 2427 14 
3921 2428 14 
3922 2429 14 
3923 2429 14 
3924 2429 14 
3925 2430 14 
3926 2432 14 
3927 2433 14 
3928 2434 14 
3929 2435 14 
3930 2436 14 
3931 2437 14 
3932 2438 14 
3933 2439 14 
3934 2439 14 
3935 2439 14 
3936 2440 14 
3937 2441 14 
3938 2441 14 
3939 2441 14 
3940 2442 14 
3941 2443 14 
3942 2443 14 
3943 2443 14 
3944 2444 14 
3945 2445 14 
3946 2445 14 
3947 2445 14 
3948 2446 14 
3949 2447 14 
3950 2448 14 
3951 2450 14 
3952 2451 14 
3953 2452 14 
3954 2453 14 
3955 2454 14 
3956 2454 14 
3957 2454 14 
3958 2455 14 
3959 2456 14 
3960 2456 14 
3961 2456 14 
3962 2457 14 
3963 2457 14 
3964 2457 14 
3965 2458 14 
3966 2459 14 
3967 2459 14 
3968 2459 14 
3969 2460 14 
3970 2461 14 
3971 2462 14 
3972 2462 14 
3973 2462 14 
3974 2463 14 
3975 2464 14 
3976 2464 14 
3977 2465 14 
3978 2467 14 
3979 2468 14 
3980 2469 14 
3981 2470 14 
3982 2471 14 
3983 2472 14 
3984 2472 14 
3985 2472 14 
3986 2473 14 
3987 2475 14 
3988 2476 14 
3989 2478 14 
3990 2478 14 
3991 2478 14 
3992 2480 14 
3993 2481 14 
3994 2482 14 
3995 2483 14 
3996 2484 14 
3997 2484 14 
3998 2484 14 
3999 2485 14 
4000 2486 14 
4001 2487 14 
4002 2489 14 
4003 2491 14 
4004 2492 14 
4005 2494 14 
4006 2495 14 
4007 2496 14 
4008 2496 14 
4009 2496 14 
4010 2497 14 
4011 2498 14 
4012 2499 14 
4013 2501 14 
4014 2502 14 
4015 2503 14 
4016 2503 14 
4017 2503 14 
4018 2504 14 
4019 2505 14 
4020 2506 14 
4021 2507 14 
4022 2508 14 
4023 2509 14 
4024 2510 14 
4025 2510 14 
4026 2510 14 
4027 2511 14 
4028 2512 14 
4029 2513 14 
4030 2514 14 
4031 2515 14 
4032 2516 14 
4033 2517 14 
4034 2518 14 
4035 2518 14 
4036 2518 14 
4037 2521 14 
4038 2521 14 
4039 2522 14 
4040 2523 14 
4041 2523 14 
4042 2523 14 
4043 2524 14 
4044 2524 14 
4045 2525 14 
4046 2526 14 
4047 2526 14 
4048 2526 14 
4049 2527 14 
4050 2528 14 
4051 2529 14 
4052 2529 14 
4053 2529 14 
4054 2530 14 
4055 2531 14 
4056 2531 14 
4057 2531 14 
4058 2532 14 
4059 2533 14 
4060 2533 14 
4061 2533 14 
4062 2534 14 
4063 2535 14 
4064 2535 14 
4065 2536 14 
4066 2537 14 
4067 2537 14 
4068 2537 14 
4069 2539 14 
4070 2541 14 
4071 2542 14 
4072 2543 14 
4073 2544 14 
4074 2545 14 
4075 2545 14 
4076 2545 14 
4077 2546 14 
4078 2547 14 
4079 2549 14 
4080 2551 14 
4081 2552 14 
4082 2553 14 
4083 2554 14 
4084 2555 14 
4085 2555 14 
4086 2555 14 
4087 2556 14 
4088 2557 14 
4089 2557 14 
4090 2557 14 
4091 2558 14 
4092 2559 14 
4093 2559 14 
4094 2559 14 
4095 2560 14 
4096 2561 14 
4097 2561 14 
4098 2561 14 
4099 2562 14 
4100 2563 14 
4101 2564 14 
4102 2566 14 
4103 2567 14 
4104 2568 14 
4105 2569 14 
4106 2570 14 
4107 2570 14 
4108 2570 14 
4109 2571 14 
4110 2572 14 
4111 2572 14 
4112 2572 14 
4113 2573 14 
4114 2573 14 
4115 2573 14 
4116 2574 14 
4117 2575 14 
4118 2576 14 
4119 2576 14 
4120 2576 14 
4121 2577 14 
4122 2578 14 
4123 2578 14 
4124 2578 14 
4125 2579 14 
4126 2580 14 
4127 2580 14 
4128 2581 14 
4129 2582 14 
4130 2583 14 
4131 2584 14 
4132 2586 14 
4133 2587 14 
4134 2588 14 
4135 2588 14 
4136 2588 14 
4137 2589 14 
4138 2590 14 
4139 2592 14 
4140 2593 14 
4141 2594 14 
4142 2596 14 
4143 2596 14 
4144 2596 14 
4145 2598 14 
4146 2599 14 
4147 2600 14 
4148 2601 14 
4149 2602 14 
4150 2602 14 
4151 2602 14 
4152 2603 14 
4153 2605 14 
4154 2606 14 
4155 2608 14 
4156 2609 14 
4157 2610 14 
4158 2612 14 
4159 2613 14 
4160 2614 14 
4161 2614 14 
4162 2614 14 
4163 2616 14 
4164 2617 14 
4165 2618 14 
4166 2619 14 
4167 2619 14 
4168 2619 14 
4169 2620 14 
4170 2621 14 
4171 2622 14 
4172 2623 14 
4173 2624 14 
4174 2625 14 
4175 2626 14 
4176 2626 14 
4177 2626 14 
4178 2627 14 
4179 2628 14 
4180 2629 14 
4181 2630 14 
4182 2631 14 
4183 2632 14 
4184 2633 14 
4185 2634 14 
4186 2634 14 
4187 2634 14 
4188 2635 14 
4189 2636 14 
4190 2636 14 
4191 2636 14 
4192 2639 14 
4193 2639 14 
4194 2640 14 
4195 2640 14 
4196 2640 14 
4197 2641 14 
4198 2642 14 
4199 2642 14 
4200 2643 14 
4201 2644 14 
4202 2644 14 
4203 2644 14 
4204 2645 14 
4205 2646 14 
4206 2648 14 
4207 2650 14 
4208 2651 14 
4209 2652 14 
4210 2653 14 
4211 2653 14 
4212 2653 14 
4213 2654 14 
4214 2655 14 
4215 2655 14 
4216 2655 14 
4217 2656 14 
4218 2657 14 
4219 2657 14 
4220 2658 14 
4221 2659 14 
4222 2659 14 
4223 2659 14 
4224 2660 14 
4225 2661 14 
4226 2661 14 
4227 2661 14 
4228 2663 14 
4229 2664 14 
4230 2665 14 
4231 2667 14 
4232 2668 14 
4233 2669 14 
4234 2670 14 
4235 2671 14 
4236 2671 14 
4237 2671 14 
4238 2672 14 
4239 2672 14 
4240 2672 14 
4241 2673 14 
4242 2674 14 
4243 2675 14 
4244 2675 14 
4245 2675 14 
4246 2676 14 
4247 2677 14 
4248 2677 14 
4249 2677 14 
4250 2678 14 
4251 2680 14 
4252 2681 14 
4253 2682 14 
4254 2683 14 
4255 2684 14 
4256 2685 14 
4257 2686 14 
4258 2686 14 
4259 2686 14 
4260 2687 14 
4261 2688 14 
4262 2688 14 
4263 2688 14 
4264 2689 14 
4265 2690 14 
4266 2690 14 
4267 2690 14 
4268 2691 14 
4269 2692 14 
4270 2692 14 
4271 2692 14 
4272 2693 14 
4273 2694 14 
4274 2694 14 
4275 2694 14 
4276 2695 14 
4277 2696 14 
4278 2696 14 
4279 2697 14 
4280 2698 14 
4281 2700 14 
4282 2701 14 
4283 2702 14 
4284 2703 14 
4285 2704 14 
4286 2704 14 
4287 2704 14 
4288 2706 14 
4289 2707 14 
4290 2708 14 
4291 2709 14 
4292 2710 14 
4293 2710 14 
4294 2710 14 
4295 2711 14 
4296 2712 14 
4297 2715 14 
4298 2716 14 
4299 2716 14 
4300 2716 14 
4301 2717 14 
4302 2718 14 
4303 2719 14 
4304 2720 14 
4305 2723 14 
4306 2725 14 
4307 2726 14 
4308 2727 14 
4309 2728 14 
4310 2728 14 
4311 2728 14 
4312 2729 14 
4313 2730 14 
4314 2732 14 
4315 2733 14 
4316 2734 14 
4317 2735 14 
4318 2735 14 
4319 2735 14 
4320 2736 14 
4321 2737 14 
4322 2738 14 
4323 2739 14 
4324 2740 14 
4325 2741 14 
4326 2742 14 
4327 2743 14 
4328 2743 14 
4329 2743 14 
4330 2744 14 
4331 2745 14 
4332 2745 14 
4333 2745 14 
4334 2746 14 
4335 2747 14 
4336 2748 14 
4337 2749 14 
4338 2749 14 
4339 2749 14 
4340 2750 14 
4341 2751 14 
4342 2751 14 
4343 2752 14 
4344 2753 14 
4345 2754 14 
4346 2755 14 
4347 2756 14 
4348 2757 14 
4349 2758 14 
4350 2759 14 
4351 2760 14 
4352 2760 14 
4353 2760 14 
4354 2761 14 
4355 2762 14 
4356 2762 14 
4357 2762 14 
4358 2763 14 
4359 2764 14 
4360 2764 14 
4361 2765 14 
4362 2765 14 
4363 2765 14 
4364 2766 14 
4365 2767 14 
4366 2768 14 
4367 2769 14 
4368 2769 14 
4369 2770 14 
4370 2771 14 
4371 2771 14 
4372 2772 14 
4373 2773 14 
4374 2773 14 
4375 2773 14 
4376 2774 14 
4377 2775 14 
4378 2775 14 
4379 2776 14 
4380 2777 14 
4381 2777 14 
4382 2777 14 
4383 2778 14 
4384 2779 14 
4385 2782 14 
4386 2783 14 
4387 2784 14 
4388 2785 14 
4389 2785 14 
4390 2785 14 
4391 2786 14 
4392 2787 14 
4393 2788 14 
4394 2789 14 
4395 2791 14 
4396 2792 14 
4397 2793 14 
4398 2794 14 
4399 2794 14 
4400 2794 14 
4401 2795 14 
4402 2796 14 
4403 2797 14 
4404 2797 14 
4405 2797 14 
4406 2798 14 
4407 2799 14 
4408 2799 14 
4409 2799 14 
4410 2800 14 
4411 2802 14 
4412 2803 14 
4413 2804 14 
4414 2805 14 
4415 2806 14 
4416 2807 14 
4417 2808 14 
4418 2809 14 
4419 2809 14 
4420 2809 14 
4421 2810 14 
4422 2811 14 
4423 2811 14 
4424 2811 14 
4425 2812 14 
4426 2813 14 
4427 2813 14 
4428 2813 14 
4429 2814 14 
4430 2815 14 
4431 2815 14 
4432 2815 14 
4433 2816 14 
4434 2817 14 
4435 2819 14 
4436 2820 14 
4437 2821 14 
4438 2822 14 
4439 2823 14 
4440 2823 14 
4441 2823 14 
4442 2824 14 
4443 2825 14 
4444 2825 14 
4445 2825 14 
4446 2826 14 
4447 2826 14 
4448 2826 14 
4449 2827 14 
4450 2828 14 
4451 2828 14 
4452 2828 14 
4453 2829 14 
4454 2830 14 
4455 2831 14 
4456 2831 14 
4457 2833 14 
4458 2833 14 
4459 2833 14 
4460 2834 14 
4461 2836 14 
4462 2837 14 
4463 2838 14 
4464 2839 14 
4465 2840 14 
4466 2840 14 
4467 2840 14 
4468 2841 14 
4469 2843 14 
4470 2844 14 
4471 2846 14 
4472 2846 14 
4473 2846 14 
4474 2847 14 
4475 2848 14 
4476 2849 14 
4477 2850 14 
4478 2851 14 
4479 2852 14 
4480 2852 14 
4481 2853 14 
4482 2854 14 
4483 2855 14 
4484 2857 14 
4485 2860 14 
4486 2862 14 
4487 2863 14 
4488 2864 14 
4489 2864 14 
4490 2864 14 
4491 2865 14 
4492 2866 14 
4493 2867 14 
4494 2869 14 
4495 2870 14 
4496 2871 14 
4497 2871 14 
4498 2871 14 
4499 2872 14 
4500 2873 14 
4501 2873 14 
4502 2873 14 
4503 2874 14 
4504 2875 14 
4505 2875 14 
4506 2875 14 
4507 2876 14 
4508 2876 14 
4509 2877 14 
4510 2878 14 
4511 2878 14 
4512 2878 14 
4513 2879 14 
4514 2880 14 
4515 2880 14 
4516 2880 14 
4517 2881 14 
4518 2882 14 
4519 2883 14 
4520 2883 14 
4521 2883 14 
4522 2884 14 
4523 2885 14 
4524 2886 14 
4525 2888 14 
4526 2889 14 
4527 2890 14 
4528 2891 14 
4529 2891 14 
4530 2891 14 
4531 2892 14 
4532 2894 14 
4533 2895 14 
4534 2896 14 
4535 2897 14 
4536 2899 14 
4537 2899 14 
4538 2899 14 
4539 2900 14 
4540 2901 14 
4541 2903 14 
4542 2903 14 
4543 2903 14 
4544 2904 14 
4545 2905 14 
4546 2906 14 
4547 2907 14 
4548 2908 14 
4549 2909 14 
4550 2910 14 
4551 2911 14 
4552 2912 14 
4553 2914 14 
4554 2915 14 
4555 2915 14 
4556 2916 14 
4557 2917 14 
4558 2917 14 
4559 2918 14 
4560 2919 14 
4561 2919 14 
4562 2920 14 
4563 2921 14 
4564 2921 14 
4565 2921 14 
4566 2922 14 
4567 2923 14 
4568 2923 14 
4569 2923 14 
4570 2924 14 
4571 2925 14 
4572 2925 14 
4573 2925 14 
4574 2926 14 
4575 2927 14 
4576 2927 14 
4577 2927 14 
4578 2928 14 
4579 2930 14 
4580 2931 14 
4581 2932 14 
4582 2933 14 
4583 2934 14 
4584 2934 14 
4585 2935 14 
4586 2936 14 
4587 2937 14 
4588 2938 14 
4589 2939 14 
4590 2940 14 
4591 2940 14 
4592 2940 14 
4593 2941 14 
4594 2942 14 
4595 2943 14 
4596 2944 14 
4597 2944 14 
4598 2944 14 
4599 2945 14 
4600 2946 14 
4601 2948 14 
4602 2949 14 
4603 2950 14 
4604 2951 14 
4605 2951 14 
4606 2951 14 
4607 2952 14 
4608 2953 14 
4609 2953 14 
4610 2953 14 
4611 2954 14 
4612 2955 14 
4613 2955 14 
4614 2955 14 
4615 2956 14 
4616 2956 14 
4617 2956 14 
4618 2957 14 
4619 2957 14 
4620 2958 14 
4621 2959 14 
4622 2960 14 
4623 2960 14 
4624 2960 14 
4625 2961 14 
4626 2962 14 
4627 2962 14 
4628 2962 14 
4629 2963 14 
4630 2965 14 
4631 2966 14 
4632 2967 14 
4633 2968 14 
4634 2969 14 
4635 2970 14 
4636 2970 14 
4637 2970 14 
4638 2971 14 
4639 2972 14 
4640 2973 14 
4641 2974 14 
4642 2975 14 
4643 2976 14 
4644 2976 14 
4645 2976 14 
4646 2977 14 
4647 2978 14 
4648 2979 14 
4649 2980 14 
4650 2982 14 
4651 2983 14 
4652 2983 14 
4653 2983 14 
4654 2984 14 
4655 2985 14 
4656 2985 14 
4657 2985 14 
4658 2986 14 
4659 2987 14 
4660 2988 14 
4661 2989 14 
4662 2991 14 
4663 2992 14 
4664 2993 14 
4665 2994 14 
4666 2995 14 
4667 2996 14 
4668 2997 14 
4669 2998 14 
4670 2998 14 
4671 2998 14 
4672 2999 14 
4673 3000 14 
4674 3001 14 
4675 3002 14 
4676 3003 14 
4677 3004 14 
4678 3005 14 
4679 3005 14 
4680 3005 14 
4681 3006 14 
4682 3007 14 
4683 3008 14 
4684 3009 14 
4685 3010 14 
4686 3011 14 
4687 3012 14 
4688 3013 14 
4689 3013 14 
4690 3013 14 
4691 3014 14 
4692 3015 14 
4693 3015 14 
4694 3016 14 
4695 3017 14 
4696 3017 14 
4697 3018 14 
4698 3019 14 
4699 3019 14 
4700 3020 14 
4701 3020 14 
4702 3020 14 
4703 3021 14 
4704 3022 14 
4705 3022 14 
4706 3023 14 
4707 3024 14 
4708 3024 14 
4709 3024 14 
4710 3025 14 
4711 3026 14 
4712 3028 14 
4713 3029 14 
4714 3030 14 
4715 3031 14 
4716 3032 14 
4717 3033 14 
4718 3034 14 
4719 3035 14 
4720 3036 14 
4721 3037 14 
4722 3038 14 
4723 3038 14 
4724 3038 14 
4725 3039 14 
4726 3040 14 
4727 3041 14 
4728 3042 14 
4729 3043 14 
4730 3044 14 
4731 3045 14 
4732 3046 14 
4733 3046 14 
4734 3046 14 
4735 3047 14 
4736 3048 14 
4737 3048 14 
4738 3049 14 
4739 3050 14 
4740 3050 14 
4741 3051 14 
4742 3052 14 
4743 3052 14 
4744 3052 14 
4745 3053 14 
4746 3053 14 
4747 3054 14 
4748 3055 14 
4749 3055 14 
4750 3055 14 
4751 3056 14 
4752 3057 14 
4753 3058 14 
4754 3059 14 
4755 3060 14 
4756 3061 14 
4757 3062 14 
4758 3063 14 
4759 3064 14 
4760 3064 14 
4761 3064 14 
4762 3065 14 
4763 3066 14 
4764 3066 14 
4765 3066 14 
4766 3067 14 
4767 3068 14 
4768 3068 14 
4769 3069 14 
4770 3069 14 
4771 3069 14 
4772 3070 14 
4773 3071 14 
4774 3072 14 
4775 3073 14 
4776 3074 14 
4777 3075 14 
4778 3076 14 
4779 3077 14 
4780 3078 14 
4781 3079 14 
4782 3079 14 
4783 3079 14 
4784 3080 14 
4785 3081 14 
4786 3081 14 
4787 3081 14 
4788 3082 14 
4789 3083 14 
4790 3084 14 
4791 3085 14 
4792 3085 14 
4793 3085 14 
4794 3086 14 
4795 3087 14 
4796 3087 14 
4797 3088 14 
4798 3089 14 
4799 3090 14 
4800 3090 14 
4801 3090 14 
4802 3091 14 
4803 3092 14 
4804 3092 14 
4805 3092 14 
4806 3093 14 
4807 3094 14 
4808 3095 14 
4809 3095 14 
4810 3095 14 
4811 3096 14 
4812 3097 14 
4813 3099 14 
4814 3100 14 
4815 3101 14 
4816 3102 14 
4817 3103 14 
4818 3104 14 
4819 3104 14 
4820 3104 14 
4821 3105 14 
4822 3106 14 
4823 3106 14 
4824 3106 14 
4825 3107 14 
4826 3108 14 
4827 3108 14 
4828 3109 14 
4829 3110 14 
4830 3110 14 
4831 3110 14 
4832 3111 14 
4833 3112 14 
4834 3112 14 
4835 3112 14 
4836 3113 14 
4837 3114 14 
4838 3115 14 
4839 3117 14 
4840 3118 14 
4841 3119 14 
4842 3120 14 
4843 3121 14 
4844 3121 14 
4845 3121 14 
4846 3122 14 
4847 3123 14 
4848 3124 14 
4849 3124 14 
4850 3125 14 
4851 3126 14 
4852 3126 14 
4853 3126 14 
4854 3127 14 
4855 3129 14 
4856 3130 14 
4857 3131 14 
4858 3132 14 
4859 3133 14 
4860 3133 14 
4861 3133 14 
4862 3134 14 
4863 3135 14 
4864 3136 14 
4865 3138 14 
4866 3139 14 
4867 3140 14 
4868 3141 14 
4869 3142 14 
4870 3142 14 
4871 3142 14 
4872 3143 14 
4873 3144 14 
4874 3144 14 
4875 3144 14 
4876 3145 14 
4877 3146 14 
4878 3146 14 
4879 3146 14 
4880 3147 14 
4881 3148 14 
4882 3148 14 
4883 3148 14 
4884 3149 14 
4885 3150 14 
4886 3150 14 
4887 3150 14 
4888 3151 14 
4889 3153 14 
4890 3154 14 
4891 3155 14 
4892 3156 14 
4893 3157 14 
4894 3157 14 
4895 3157 14 
4896 3158 14 
4897 3159 14 
4898 3160 14 
4899 3161 14 
4900 3162 14 
4901 3163 14 
4902 3163 14 
4903 3163 14 
4904 3164 14 
4905 3165 14 
4906 3168 14 
4907 3169 14 
4908 3170 14 
4909 3171 14 
4910 3172 14 
4911 3176 14 
4912 3177 14 
4913 3178 14 
4914 3179 14 
4915 3179 14 
4916 3179 14 
4917 3180 14 
4918 3181 14 
4919 3183 14 
4920 3184 14 
4921 3185 14 
4922 3186 14 
4923 3186 14 
4924 3186 14 
4925 3187 14 
4926 3188 14 
4927 3188 14 
4928 3188 14 
4929 3189 14 
4930 3190 14 
4931 3190 14 
4932 3190 14 
4933 3191 14 
4934 3191 14 
4935 3191 14 
4936 3192 14 
4937 3193 14 
4938 3194 14 
4939 3195 14 
4940 3195 14 
4941 3195 14 
4942 3196 14 
4943 3197 14 
4944 3197 14 
4945 3197 14 
4946 3198 14 
4947 3199 14 
4948 3200 14 
4949 3201 14 
4950 3203 14 
4951 3204 14 
4952 3205 14 
4953 3205 14 
4954 3205 14 
4955 3206 14 
4956 3207 14 
4957 3209 14 
4958 3210 14 
4959 3213 14 
4960 3213 14 
4961 3213 14 
4962 3214 14 
4963 3215 14 
4964 3216 14 
4965 3217 14 
4966 3218 14 
4967 3219 14 
4968 3219 14 
4969 3219 14 
4970 3220 14 
4971 3222 14 
4972 3223 14 
4973 3224 14 
4974 3225 14 
4975 3226 14 
4976 3227 14 
4977 3228 14 
4978 3228 14 
4979 3229 14 
4980 3230 14 
4981 3230 14 
4982 3230 14 
4983 3231 14 
4984 3232 14 
4985 3232 14 
4986 3232 14 
4987 3233 14 
4988 3234 14 
4989 3234 14 
4990 3234 14 
4991 3235 14 
4992 3236 14 
4993 3236 14 
4994 3236 14 
4995 3237 14 
4996 3237 14 
4997 3238 14 
4998 3239 14 
4999 3239 14 
5000 3239 14 
5001 3240 14 
5002 3241 14 
5003 3243 14 
5004 3244 14 
5005 3245 14 
5006 3246 14 
5007 3247 14 
5008 3247 14 
5009 3247 14 
5010 3248 14 
5011 3249 14 
5012 3250 14 
5013 3251 14 
5014 3252 14 
5015 3253 14 
5016 3253 14 
5017 3253 14 
5018 3254 14 
5019 3255 14 
5020 3256 14 
5021 3257 14 
5022 3259 14 
5023 3260 14 
5024 3261 14 
5025 3261 14 
5026 3262 14 
5027 3263 14 
5028 3263 14 
5029 3264 14 
5030 3264 14 
5031 3264 14 
5032 3265 14 
5033 3266 14 
5034 3266 14 
5035 3266 14 
5036 3267 14 
5037 3268 14 
5038 3269 14 
5039 3269 14 
5040 3269 14 
5041 3270 14 
5042 3271 14 
5043 3271 14 
5044 3271 14 
5045 3273 14 
5046 3274 14 
5047 3275 14 
5048 3276 14 
5049 3277 14 
5050 3278 14 
5051 3278 14 
5052 3278 14 
5053 3279 14 
5054 3280 14 
5055 3280 14 
5056 3281 14 
5057 3282 14 
5058 3283 14 
5059 3284 14 
5060 3285 14 
5061 3286 14 
5062 3287 14 
5063 3288 14 
5064 3288 14 
5065 3288 14 
5066 3289 14 
5067 3290 14 
5068 3291 14 
5069 3293 14 
5070 3294 14 
5071 3295 14 
5072 3295 14 
5073 3295 14 
5074 3296 14 
5075 3296 14 
5076 3296 14 
5077 3297 14 
5078 3298 14 
5079 3299 14 
5080 3301 14 
5081 3302 14 
5082 3303 14 
5083 3304 14 
5084 3304 14 
5085 3304 14 
5086 3305 14 
5087 3306 14 
5088 3307 14 
5089 3308 14 
5090 3309 14 
5091 3310 14 
5092 3311 14 
5093 3312 14 
5094 3312 14 
5095 3312 14 
5096 3313 14 
5097 3314 14 
5098 3316 14 
5099 3317 14 
5100 3318 14 
5101 3318 14 
5102 3318 14 
5103 3319 14 
5104 3320 14 
5105 3321 14 
5106 3322 14 
5107 3323 14 
5108 3324 14 
5109 3325 14 
5110 3326 14 
5111 3326 14 
5112 3326 14 
5113 3327 14 
5114 3328 14 
5115 3328 14 
5116 3329 14 
5117 3330 14 
5118 3330 14 
5119 3331 14 
5120 3332 14 
5121 3332 14 
5122 3333 14 
5123 3333 14 
5124 3333 14 
5125 3334 14 
5126 3335 14 
5127 3335 14 
5128 3336 14 
5129 3337 14 
5130 3337 14 
5131 3337 14 
5132 3338 14 
5133 3340 14 
5134 3341 14 
5135 3342 14 
5136 3343 14 
5137 3344 14 
5138 3345 14 
5139 3346 14 
5140 3347 14 
5141 3348 14 
5142 3349 14 
5143 3350 14 
5144 3351 14 
5145 3351 14 
5146 3351 14 
5147 3352 14 
5148 3353 14 
5149 3354 14 
5150 3355 14 
5151 3356 14 
5152 3357 14 
5153 3358 14 
5154 3359 14 
5155 3359 14 
5156 3359 14 
5157 3360 14 
5158 3361 14 
5159 3361 14 
5160 3362 14 
5161 3363 14 
5162 3363 14 
5163 3364 14 
5164 3365 14 
5165 3365 14 
5166 3365 14 
5167 3366 14 
5168 3366 14 
5169 3367 14 
5170 3368 14 
5171 3368 14 
5172 3368 14 
5173 3369 14 
5174 3370 15 
5175 3370 15 
5176 3371 15 
5177 3371 15 
5178 3372 15 
5179 3372 15 
5180 3373 15 
5181 3373 15 
5182 3374 15 
5183 3374 15 
5184 3375 15 
5185 3376 15 
5186 3376 15 
5187 3377 15 
5188 3377 15 
5189 3378 15 
5190 3378 15 
5191 3379 15 
5192 3379 15 
5193 3380 15 
5194 3380 15 
5195 3381 15 
5196 3381 15 
5197 3382 15 
5198 3382 15 
5199 3383 15 
5200 3383 15 
5201 3384 15 
5202 3384 15 
5203 3385 15 
5204 3386 15 
5205 3386 15 
5206 3387 15 
5207 3387 15 
5208 3388 15 
5209 3388 15 
5210 3389 15 
5211 3389 15 
5212 3390 15 
5213 3390 15 
5214 3391 15 
5215 3391 15 
5216 3392 15 
5217 3393 15 
5218 3394 15 
5219 3394 15 
5220 3395 15 
5221 3395 15 
5222 3396 15 
5223 3396 15 
5224 3397 15 
5225 3397 15 
5226 3398 15 
5227 3398 15 
5228 3399 15 
5229 3399 15 
5230 3400 15 
5231 3401 15 
5232 3401 15 
5233 3402 15 
5234 3402 15 
5235 3403 15 
5236 3404 15 
5237 3404 15 
5238 3405 15 
5239 3406 15 
5240 3406 15 
5241 3407 15 
5242 3407 15 
5243 3408 15 
5244 3408 15 
5245 3409 15 
5246 3410 15 
5247 3411 15 
5248 3411 15 
5249 3412 15 
5250 3412 15 
5251 3413 15 
5252 3413 15 
5253 3414 15 
5254 3414 15 
5255 3415 15 
5256 3415 15 
5257 3416 15 
5258 3416 15 
5259 3417 15 
5260 3417 15 
5261 3418 15 
5262 3418 15 
5263 3419 15 
5264 3419 15 
5265 3420 15 
5266 3420 15 
5267 3421 15 
5268 3421 15 
5269 3422 15 
5270 3423 15 
5271 3423 15 
5272 3424 15 
5273 3424 15 
5274 3425 15 
5275 3426 15 
5276 3426 15 
5277 3427 15 
5278 3427 15 
5279 3428 15 
5280 3428 15 
5281 3429 15 
5282 3429 15 
5283 3430 15 
5284 3430 15 
5285 3431 15 
5286 3431 15 
5287 3432 15 
5288 3432 15 
5289 3433 15 
5290 3433 15 
5291 3434 15 
5292 3434 15 
5293 3435 15 
5294 3435 15 
5295 3436 15 
5296 3436 15 
5297 3437 15 
5298 3437 15 
5299 3438 15 
5300 3439 15 
5301 3439 15 
5302 3440 15 
5303 3440 15 
5304 3441 15 
5305 3441 15 
5306 3442 15 
5307 3443 15 
5308 3443 15 
5309 3444 15 
5310 3444 15 
5311 3445 15 
5312 3445 15 
5313 3446 15 
5314 3446 15 
5315 3447 15 
5316 3448 15 
5317 3448 15 
5318 3449 15 
5319 3449 15 
5320 3450 15 
5321 3450 15 
5322 3451 15 
5323 3451 15 
5324 3452 15 
5325 3452 15 
5326 3453 15 
5327 3454 15 
5328 3454 15 
5329 3455 15 
5330 3455 15 
5331 3456 15 
5332 3456 15 
5333 3457 15 
5334 3457 15 
5335 3458 15 
5336 3458 15 
5337 3459 15 
5338 3459 15 
5339 3460 15 
5340 3461 15 
5341 3461 15 
5342 3462 15 
5343 3463 15 
5344 3463 15 
5345 3464 15 
5346 3464 15 
5347 3465 15 
5348 3465 15 
5349 3466 15 
5350 3467 15 
5351 3467 15 
5352 3468 15 
5353 3468 15 
5354 3469 15 
5355 3469 15 
5356 3470 15 
5357 3470 15 
5358 3471 15 
5359 3471 15 
5360 3472 15 
5361 3472 15 
5362 3473 15 
5363 3473 15 
5364 3474 15 
5365 3474 15 
5366 3475 15 
5367 3475 15 
5368 3476 15 
5369 3477 15 
5370 3477 15 
5371 3478 15 
5372 3478 15 
5373 3479 15 
5374 3479 15 
5375 3480 15 
5376 3480 15 
5377 3481 15 
5378 3481 15 
5379 3482 15 
5380 3482 15 
5381 3483 15 
5382 3483 15 
5383 3484 15 
5384 3484 15 
5385 3485 15 
5386 3485 15 
5387 3486 15 
5388 3486 15 
5389 3487 15 
5390 3487 15 
5391 3488 15 
5392 3488 15 
5393 3489 15 
5394 3489 15 
5395 3490 15 
5396 3490 15 
5397 3491 15 
5398 3492 15 
5399 3492 15 
5400 3493 15 
5401 3493 15 
5402 3494 15 
5403 3494 15 
5404 3495 15 
5405 3495 15 
5406 3496 15 
5407 3496 15 
5408 3497 15 
5409 3497 15 
5410 3498 15 
5411 3498 15 
5412 3499 15 
5413 3499 15 
5414 3500 15 
5415 3501 15 
5416 3501 15 
5417 3502 15 
5418 3502 15 
5419 3503 15 
5420 3503 15 
5421 3504 15 
5422 3504 15 
5423 3505 15 
5424 3505 15 
5425 3506 15 
5426 3506 15 
5427 3507 15 
5428 3507 15 
5429 3508 15 
5430 3508 15 
5431 3509 15 
5432 3509 15 
5433 3510 15 
5434 3510 15 
5435 3511 15 
5436 3511 15 
5437 3512 15 
5438 3512 15 
5439 3513 15 
5440 3513 15 
5441 3514 15 
5442 3514 15 
5443 3515 15 
5444 3515 15 
5445 3516 15 
5446 3516 15 
5447 3517 15 
5448 3518 15 
5449 3518 15 
5450 3519 15 
5451 3520 15 
5452 3520 15 
5453 3521 15 
5454 3521 15 
5455 3522 15 
5456 3523 15 
5457 3523 15 
5458 3524 15 
5459 3524 15 
5460 3525 15 
5461 3525 15 
5462 3526 15 
5463 3526 15 
5464 3527 15 
5465 3527 15 
5466 3528 15 
5467 3528 15 
5468 3529 15 
5469 3529 15 
5470 3530 15 
5471 3530 15 
5472 3531 15 
5473 3531 15 
5474 3532 15 
5475 3532 15 
5476 3533 15 
5477 3533 15 
5478 3534 15 
5479 3534 15 
5480 3535 15 
5481 3535 15 
5482 3536 15 
5483 3536 15 
5484 3537 15 
5485 3537 15 
5486 3538 15 
5487 3538 15 
5488 3539 15 
5489 3540 15 
5490 3540 15 
5491 3541 15 
5492 3541 15 
5493 3542 15 
5494 3542 15 
5495 3543 15 
5496 3543 15 
5497 3544 15 
5498 3544 15 
5499 3545 15 
5500 3546 15 
5501 3546 15 
5502 3547 15 
5503 3547 15 
5504 3548 15 
5505 3548 15 
5506 3549 15 
5507 3549 15 
5508 3550 15 
5509 3550 15 
5510 3551 15 
5511 3552 15 
5512 3552 15 
5513 3553 15 
5514 3553 15 
5515 3554 15 
5516 3554 15 
5517 3555 15 
5518 3556 15 
5519 3556 15 
5520 3557 15 
5521 3557 15 
5522 3558 15 
5523 3558 15 
5524 3559 15 
5525 3560 15 
5526 3560 15 
5527 3561 15 
5528 3562 15 
5529 3562 15 
5530 3563 15 
5531 3563 15 
5532 3564 15 
5533 3564 15 
5534 3565 15 
5535 3565 15 
5536 3566 15 
5537 3566 15 
5538 3567 15 
5539 3567 15 
5540 3568 15 
5541 3568 15 
5542 3569 15 
5543 3569 15 
5544 3570 15 
5545 3570 15 
5546 3571 15 
5547 3572 15 
5548 3573 15 
5549 3574 15 
5550 3574 15 
5551 3575 15 
5552 3576 15 
5553 3576 15 
5554 3577 15 
5555 3578 15 
5556 3578 15 
5557 3579 15 
5558 3579 15 
5559 3580 15 
5560 3580 15 
5561 3581 15 
5562 3581 15 
5563 3583 15 
5564 3584 15 
5565 3584 15 
5566 3585 15 
5567 3585 15 
5568 3586 15 
5569 3586 15 
5570 3587 15 
5571 3587 15 
5572 3588 15 
5573 3589 15 
5574 3589 15 
5575 3590 15 
5576 3591 15 
5577 3591 15 
5578 3592 15 
5579 3592 15 
5580 3593 15 
5581 3594 15 
5582 3594 15 
5583 3595 15 
5584 3595 15 
5585 3596 15 
5586 3596 15 
5587 3597 15 
5588 3597 15 
5589 3598 15 
5590 3598 15 
5591 3599 15 
5592 3599 15 
5593 3600 15 
5594 3600 15 
5595 3601 15 
5596 3601 15 
5597 3602 15 
5598 3603 15 
5599 3603 15 
5600 3604 15 
5601 3604 15 
5602 3605 15 
5603 3606 15 
5604 3606 15 
5605 3607 15 
5606 3607 15 
5607 3608 15 
5608 3608 15 
5609 3609 15 
5610 3609 15 
5611 3610 15 
5612 3611 15 
5613 3611 15 
5614 3612 15 
5615 3612 15 
5616 3613 15 
5617 3613 15 
5618 3614 15 
5619 3614 15 
5620 3615 15 
5621 3615 15 
5622 3616 15 
5623 3616 15 
5624 3617 15 
5625 3617 15 
5626 3618 15 
5627 3618 15 
5628 3619 15 
5629 3619 15 
5630 3620 15 
5631 3621 15 
5632 3621 15 
5633 3622 15 
5634 3622 15 
5635 3623 15 
5636 3623 15 
5637 3624 15 
5638 3624 15 
5639 3625 15 
5640 3625 15 
5641 3626 15 
5642 3627 15 
5643 3627 15 
5644 3628 15 
5645 3628 15 
5646 3629 15 
5647 3629 15 
5648 3630 15 
5649 3631 15 
5650 3631 15 
5651 3632 15 
5652 3632 15 
5653 3633 15 
5654 3634 15 
5655 3634 15 
5656 3635 15 
5657 3635 15 
5658 3636 15 
5659 3636 15 
5660 3637 15 
5661 3638 15 
5662 3638 15 
5663 3639 15 
5664 3639 15 
5665 3640 15 
5666 3641 15 
5667 3641 15 
5668 3642 15 
5669 3642 15 
5670 3643 15 
5671 3643 15 
5672 3644 15 
5673 3644 15 
5674 3645 15 
5675 3645 15 
5676 3646 15 
5677 3646 15 
5678 3647 15 
5679 3647 15 
5680 3648 15 
5681 3648 15 
5682 3649 15 
5683 3649 15 
5684 3650 15 
5685 3650 15 
5686 3651 15 
5687 3651 15 
5688 3652 15 
5689 3652 15 
5690 3653 15 
5691 3653 15 
5692 3654 15 
5693 3655 15 
5694 3656 15 
5695 3656 15 
5696 3657 15 
5697 3657 15 
5698 3658 15 
5699 3658 15 
5700 3659 15 
5701 3659 15 
5702 3660 15 
5703 3660 15 
5704 3661 15 
5705 3661 15 
5706 3662 15 
5707 3663 15 
5708 3663 15 
5709 3664 15 
5710 3664 15 
5711 3665 15 
5712 3665 15 
5713 3666 15 
5714 3666 15 
5715 3667 15 
5716 3667 15 
5717 3668 15 
5718 3668 15 
5719 3669 15 
5720 3669 15 
5721 3670 15 
5722 3670 15 
5723 3671 15 
5724 3671 15 
5725 3672 15 
5726 3672 15 
5727 3673 15 
5728 3673 15 
5729 3674 15 
5730 3674 15 
5731 3675 15 
5732 3675 15 
5733 3676 15 
5734 3676 15 
5735 3677 15 
5736 3677 15 
5737 3678 15 
5738 3678 15 
5739 3679 15 
5740 3679 15 
5741 3680 15 
5742 3681 15 
5743 3681 15 
5744 3682 15 
5745 3682 15 
5746 3683 15 
5747 3683 15 
5748 3684 15 
5749 3684 15 
5750 3685 15 
5751 3686 15 
5752 3687 15 
5753 3687 15 
5754 3688 15 
5755 3688 15 
5756 3689 15 
5757 3689 15 
5758 3690 15 
5759 3690 15 
5760 3691 15 
5761 3691 15 
5762 3692 15 
5763 3692 15 
5764 3693 15 
5765 3693 15 
5766 3694 15 
5767 3694 15 
5768 3695 15 
5769 3695 15 
5770 3696 15 
5771 3696 15 
5772 3697 15 
5773 3697 15 
5774 3698 15 
5775 3699 15 
5776 3700 15 
5777 3700 15 
5778 3701 15 
5779 3701 15 
5780 3702 15 
5781 3702 15 
5782 3703 15 
5783 3703 15 
5784 3704 15 
5785 3704 15 
5786 3705 15 
5787 3705 15 
5788 3706 15 
5789 3706 15 
5790 3707 15 
5791 3707 15 
5792 3708 15 
5793 3708 15 
5794 3709 15 
5795 3709 15 
5796 3710 15 
5797 3710 15 
5798 3711 15 
5799 3711 15 
5800 3712 15 
5801 3712 15 
5802 3713 15 
5803 3714 15 
5804 3714 15 
5805 3715 15 
5806 3715 15 
5807 3716 15 
5808 3716 15 
5809 3717 15 
5810 3718 15 
5811 3718 15 
5812 3719 15 
5813 3719 15 
5814 3720 15 
5815 3720 15 
5816 3721 15 
5817 3721 15 
5818 3722 15 
5819 3722 15 
5820 3723 15 
5821 3723 15 
5822 3724 15 
5823 3724 15 
5824 3725 15 
5825 3725 15 
5826 3726 15 
5827 3726 15 
5828 3727 15 
5829 3727 15 
5830 3728 15 
5831 3729 15 
5832 3729 15 
5833 3730 15 
5834 3730 15 
5835 3731 15 
5836 3731 15 
5837 3732 15 
5838 3732 15 
5839 3733 15 
5840 3733 15 
5841 3734 15 
5842 3735 15 
5843 3735 15 
5844 3736 15 
5845 3736 15 
5846 3737 15 
5847 3738 15 
5848 3739 15 
5849 3739 15 
5850 3740 15 
5851 3740 15 
5852 3741 15 
5853 3741 15 
5854 3742 15 
5855 3743 15 
5856 3743 15 
5857 3744 15 
5858 3744 15 
5859 3745 15 
5860 3745 15 
5861 3746 15 
5862 3746 15 
5863 3747 15 
5864 3747 15 
5865 3748 15 
5866 3748 15 
5867 3749 15 
5868 3749 15 
5869 3750 15 
5870 3750 15 
5871 3751 15 
5872 3751 15 
5873 3752 15 
5874 3752 15 
5875 3753 15 
5876 3753 15 
5877 3754 15 
5878 3754 15 
5879 3755 15 
5880 3755 15 
5881 3756 15 
5882 3756 15 
5883 3757 15 
5884 3757 15 
5885 3758 15 
5886 3758 15 
5887 3759 15 
5888 3760 15 
5889 3760 15 
5890 3761 15 
5891 3761 15 
5892 3762 15 
5893 3762 15 
5894 3763 15 
5895 3763 15 
5896 3764 15 
5897 3764 15 
5898 3765 15 
5899 3766 15 
5900 3766 15 
5901 3767 15 
5902 3767 15 
5903 3768 15 
5904 3768 15 
5905 3769 15 
5906 3769 15 
5907 3770 15 
5908 3771 15 
5909 3771 15 
5910 3772 15 
5911 3772 15 
5912 3773 15 
5913 3773 15 
5914 3774 15 
5915 3775 15 
5916 3775 15 
5917 3776 15 
5918 3776 15 
5919 3777 15 
5920 3778 15 
5921 3778 15 
5922 3779 15 
5923 3779 15 
5924 3780 15 
5925 3780 15 
5926 3781 15 
5927 3781 15 
5928 3782 15 
5929 3783 15 
5930 3783 15 
5931 3784 15 
5932 3784 15 
5933 3785 15 
5934 3785 15 
5935 3786 15 
5936 3786 15 
5937 3787 15 
5938 3787 15 
5939 3788 15 
5940 3789 15 
5941 3789 15 
5942 3790 15 
5943 3790 15 
5944 3791 15 
5945 3791 15 
5946 3792 15 
5947 3792 15 
5948 3793 15 
5949 3793 15 
5950 3794 15 
5951 3794 15 
5952 3795 15 
5953 3796 15 
5954 3796 15 
5955 3797 15 
5956 3797 15 
5957 3798 15 
5958 3798 15 
5959 3799 15 
5960 3799 15 
5961 3800 15 
5962 3800 15 
5963 3801 15 
5964 3802 15 
5965 3803 15 
5966 3803 15 
5967 3804 15 
5968 3804 15 
5969 3805 15 
5970 3805 15 
5971 3806 15 
5972 3807 15 
5973 3807 15 
5974 3808 15 
5975 3808 15 
5976 3809 15 
5977 3809 15 
5978 3810 15 
5979 3810 15 
5980 3811 15 
5981 3812 15 
5982 3812 15 
5983 3813 15 
5984 3813 15 
5985 3814 15 
5986 3814 15 
5987 3815 15 
5988 3815 15 
5989 3816 15 
5990 3816 15 
5991 3817 15 
5992 3817 15 
5993 3818 15 
5994 3818 15 
5995 3819 15 
5996 3819 15 
5997 3820 15 
5998 3820 15 
5999 3821 15 
6000 3821 15 
6001 3822 15 
6002 3822 15 
6003 3823 15 
6004 3823 15 
6005 3824 15 
6006 3824 15 
6007 3825 15 
6008 3825 15 
6009 3826 15 
6010 3826 15 
6011 3827 15 
6012 3827 15 
6013 3828 15 
6014 3828 15 
6015 3829 15 
6016 3829 15 
6017 3830 15 
6018 3830 15 
6019 3831 15 
6020 3831 15 
6021 3832 15 
6022 3832 15 
6023 3833 15 
6024 3833 15 
6025 3834 15 
6026 3834 15 
6027 3835 15 
6028 3835 15 
6029 3836 15 
6030 3836 15 
6031 3837 15 
6032 3837 15 
6033 3838 15 
6034 3838 15 
6035 3839 15 
6036 3840 15 
6037 3840 15 
6038 3841 15 
6039 3841 15 
6040 3842 15 
6041 3842 15 
6042 3843 15 
6043 3843 15 
6044 3844 15 
6045 3845 15 
6046 3845 15 
6047 3846 15 
6048 3847 15 
6049 3847 15 
6050 3848 15 
6051 3848 15 
6052 3849 15 
6053 3849 15 
6054 3850 15 
6055 3850 15 
6056 3851 15 
6057 3851 15 
6058 3852 15 
6059 3852 15 
6060 3853 15 
6061 3853 15 
6062 3854 15 
6063 3854 15 
6064 3855 15 
6065 3855 15 
6066 3856 15 
6067 3856 15 
6068 3857 15 
6069 3857 15 
6070 3858 15 
6071 3858 15 
6072 3859 15 
6073 3860 15 
6074 3861 15 
6075 3861 15 
6076 3862 15 
6077 3862 15 
6078 3863 15 
6079 3863 15 
6080 3864 15 
6081 3864 15 
6082 3865 15 
6083 3865 15 
6084 3866 15 
6085 3866 15 
6086 3867 15 
6087 3867 15 
6088 3868 15 
6089 3868 15 
6090 3869 15 
6091 3869 15 
6092 3870 15 
6093 3870 15 
6094 3871 15 
6095 3871 15 
6096 3872 15 
6097 3872 15 
6098 3873 15 
6099 3873 15 
6100 3874 15 
6101 3874 15 
6102 3875 15 
6103 3876 15 
6104 3876 15 
6105 3877 15 
6106 3877 15 
6107 3878 15 
6108 3879 15 
6109 3879 15 
6110 3880 15 
6111 3880 15 
6112 3881 15 
6113 3881 15 
6114 3882 15 
6115 3882 15 
6116 3883 15 
6117 3883 15 
6118 3884 15 
6119 3884 15 
6120 3885 15 
6121 3885 15 
6122 3886 15 
6123 3886 15 
6124 3887 15 
6125 3887 15 
6126 3888 15 
6127 3888 15 
6128 3889 15 
6129 3890 15 
6130 3891 15 
6131 3891 15 
6132 3892 15 
6133 3892 15 
6134 3893 15 
6135 3893 15 
6136 3894 15 
6137 3894 15 
6138 3895 15 
6139 3896 15 
6140 3896 15 
6141 3897 15 
6142 3897 15 
6143 3898 15 
6144 3898 15 
6145 3899 15 
6146 3899 15 
6147 3900 15 
6148 3901 15 
6149 3901 15 
6150 3902 15 
6151 3903 15 
6152 3904 15 
6153 3904 15 
6154 3905 15 
6155 3905 15 
6156 3906 15 
6157 3906 15 
6158 3907 15 
6159 3907 15 
6160 3908 15 
6161 3908 15 
6162 3909 15 
6163 3909 15 
6164 3910 15 
6165 3911 15 
6166 3911 15 
6167 3912 15 
6168 3912 15 
6169 3913 15 
6170 3913 15 
6171 3914 15 
6172 3914 15 
6173 3915 15 
6174 3916 15 
6175 3916 15 
6176 3917 15 
6177 3917 15 
6178 3918 15 
6179 3918 15 
6180 3919 15 
6181 3919 15 
6182 3920 15 
6183 3921 15 
6184 3921 15 
6185 3922 15 
6186 3922 15 
6187 3923 15 
6188 3923 15 
6189 3924 15 
6190 3924 15 
6191 3925 15 
6192 3925 15 
6193 3926 15 
6194 3926 15 
6195 3927 15 
6196 3928 15 
6197 3928 15 
6198 3929 15 
6199 3929 15 
6200 3930 15 
6201 3930 15 
6202 3931 15 
6203 3931 15 
6204 3932 15 
6205 3932 15 
6206 3933 15 
6207 3933 15 
6208 3934 15 
6209 3934 15 
6210 3935 15 
6211 3935 15 
6212 3936 15 
6213 3936 15 
6214 3937 15 
6215 3937 15 
6216 3938 15 
6217 3939 15 
6218 3939 15 
6219 3940 15 
6220 3940 15 
6221 3941 15 
6222 3941 15 
6223 3942 15 
6224 3942 15 
6225 3943 15 
6226 3944 15 
6227 3944 15 
6228 3945 15 
6229 3945 15 
6230 3946 15 
6231 3946 15 
6232 3947 15 
6233 3947 15 
6234 3948 15 
6235 3949 15 
6236 3949 15 
6237 3950 15 
6238 3950 15 
6239 3951 15 
6240 3951 15 
6241 3952 15 
6242 3952 15 
6243 3953 15 
6244 3954 15 
6245 3954 15 
6246 3955 15 
6247 3956 15 
6248 3956 15 
6249 3957 15 
6250 3957 15 
6251 3958 15 
6252 3958 15 
6253 3959 15 
6254 3959 15 
6255 3960 15 
6256 3960 15 
6257 3961 15 
6258 3961 15 
6259 3962 15 
6260 3962 15 
6261 3963 15 
6262 3964 15 
6263 3964 15 
6264 3965 15 
6265 3965 15 
6266 3966 15 
6267 3967 15 
6268 3968 15 
6269 3968 15 
6270 3969 15 
6271 3969 15 
6272 3970 15 
6273 3970 15 
6274 3971 15 
6275 3972 15 
6276 3972 15 
6277 3973 15 
6278 3974 15 
6279 3975 15 
6280 3975 15 
6281 3976 15 
6282 3976 15 
6283 3977 15 
6284 3977 15 
6285 3979 15 
6286 3979 15 
6287 3980 15 
6288 3980 15 
6289 3981 15 
6290 3981 15 
6291 3982 15 
6292 3982 15 
6293 3983 15 
6294 3983 15 
6295 3984 15 
6296 3984 15 
6297 3985 15 
6298 3985 15 
6299 3986 15 
6300 3986 15 
6301 3987 15 
6302 3987 15 
6303 3988 15 
6304 3988 15 
6305 3989 15 
6306 3989 15 
6307 3990 15 
6308 3990 15 
6309 3991 15 
6310 3991 15 
6311 3992 15 
6312 3992 15 
6313 3993 15 
6314 3993 15 
6315 3994 15 
6316 3994 15 
6317 3995 15 
6318 3995 15 
6319 3996 15 
6320 3996 15 
6321 3997 15 
6322 3997 15 
6323 3998 15 
6324 3999 15 
6325 3999 15 
6326 4000 15 
6327 4000 15 
6328 4001 15 
6329 4002 15 
6330 4002 15 
6331 4003 15 
6332 4004 15 
6333 4004 15 
6334 4005 15 
6335 4005 15 
6336 4006 15 
6337 4006 15 
6338 4007 15 
6339 4007 15 
6340 4008 15 
6341 4008 15 
6342 4009 15 
6343 4009 15 
6344 4010 15 
6345 4010 15 
6346 4011 15 
6347 4012 15 
6348 4012 15 
6349 4013 15 
6350 4014 15 
6351 4014 15 
6352 4015 15 
6353 4015 15 
6354 4016 15 
6355 4016 15 
6356 4017 15 
6357 4017 15 
6358 4018 15 
6359 4018 15 
6360 4019 15 
6361 4019 15 
6362 4020 15 
6363 4020 15 
6364 4021 15 
6365 4021 15 
6366 4022 15 
6367 4022 15 
6368 4023 15 
6369 4023 15 
6370 4024 15 
6371 4024 15 
6372 4025 15 
6373 4025 15 
6374 4026 15 
6375 4026 15 
6376 4027 15 
6377 4027 15 
6378 4028 15 
6379 4028 15 
6380 4029 15 
6381 4029 15 
6382 4030 15 
6383 4030 15 
6384 4031 15 
6385 4032 15 
6386 4033 15 
6387 4033 15 
6388 4034 15 
6389 4034 15 
6390 4035 15 
6391 4035 15 
6392 4036 15 
6393 4036 15 
6394 4037 15 
6395 4037 15 
6396 4038 15 
6397 4038 15 
6398 4039 15 
6399 4039 15 
6400 4040 15 
6401 4040 15 
6402 4041 15 
6403 4041 15 
6404 4042 15 
6405 4042 15 
6406 4043 15 
6407 4043 15 
6408 4044 15 
6409 4045 15 
6410 4045 15 
6411 4046 15 
6412 4046 15 
6413 4047 15 
6414 4048 15 
6415 4048 15 
6416 4049 15 
6417 4049 15 
6418 4050 15 
6419 4050 15 
6420 4051 15 
6421 4051 15 
6422 4052 15 
6423 4052 15 
6424 4053 15 
6425 4053 15 
6426 4054 15 
6427 4054 15 
6428 4055 15 
6429 4055 15 
6430 4056 15 
6431 4057 15 
6432 4057 15 
6433 4058 15 
6434 4058 15 
6435 4059 15 
6436 4059 15 
6437 4060 15 
6438 4060 15 
6439 4061 15 
6440 4062 15 
6441 4063 15 
6442 4064 15 
6443 4065 15 
6444 4065 15 
6445 4066 15 
6446 4066 15 
6447 4067 15 
6448 4067 15 
6449 4068 15 
6450 4068 15 
6451 4069 15 
6452 4069 15 
6453 4070 15 
6454 4070 15 
6455 4071 15 
6456 4071 15 
6457 4072 15 
6458 4073 15 
6459 4073 15 
6460 4074 15 
6461 4074 15 
6462 4075 15 
6463 4075 15 
6464 4076 15 
6465 4076 15 
6466 4077 15 
6467 4077 15 
6468 4078 15 
6469 4079 15 
6470 4079 15 
6471 4080 15 
6472 4080 15 
6473 4081 15 
6474 4081 15 
6475 4082 15 
6476 4082 15 
6477 4083 15 
6478 4084 15 
6479 4084 15 
6480 4085 15 
6481 4085 15 
6482 4086 15 
6483 4086 15 
6484 4087 15 
6485 4087 15 
6486 4088 15 
6487 4088 15 
6488 4089 15 
6489 4090 15 
6490 4090 15 
6491 4091 15 
6492 4091 15 
6493 4092 15 
6494 4092 15 
6495 4093 15 
6496 4093 15 
6497 4094 15 
6498 4095 15 
6499 4095 15 
6500 4096 15 
6501 4096 15 
6502 4097 15 
6503 4097 15 
6504 4098 15 
6505 4098 15 
6506 4099 15 
6507 4099 15 
6508 4100 15 
6509 4100 15 
6510 4101 15 
6511 4101 15 
6512 4102 15 
6513 4102 15 
6514 4103 15 
6515 4103 15 
6516 4104 15 
6517 4104 15 
6518 4105 15 
6519 4105 15 
6520 4106 15 
6521 4106 15 
6522 4107 15 
6523 4107 15 
6524 4108 15 
6525 4108 15 
6526 4109 15 
6527 4109 15 
6528 4110 15 
6529 4110 15 
6530 4111 15 
6531 4112 15 
6532 4112 15 
6533 4113 15 
6534 4113 15 
6535 4114 15 
6536 4115 15 
6537 4115 15 
6538 4116 15 
6539 4116 15 
6540 4117 15 
6541 4117 15 
6542 4118 15 
6543 4119 15 
6544 4119 15 
6545 4120 15 
6546 4121 15 
6547 4121 15 
6548 4122 15 
6549 4122 15 
6550 4123 15 
6551 4123 15 
6552 4124 15 
6553 4125 15 
6554 4125 15 
6555 4126 15 
6556 4126 15 
6557 4127 15 
6558 4127 15 
6559 4128 15 
6560 4128 15 
6561 4129 15 
6562 4129 15 
6563 4130 15 
6564 4130 15 
6565 4131 15 
6566 4131 15 
6567 4132 15 
6568 4132 15 
6569 4133 15 
6570 4133 15 
6571 4134 15 
6572 4134 15 
6573 4135 15 
6574 4135 15 
6575 4136 15 
6576 4136 15 
6577 4137 15 
6578 4137 15 
6579 4138 15 
6580 4139 15 
6581 4139 15 
6582 4140 15 
6583 4140 15 
6584 4141 15 
6585 4141 15 
6586 4142 15 
6587 4142 15 
6588 4143 15 
6589 4143 15 
6590 4144 15 
6591 4144 15 
6592 4145 15 
6593 4145 15 
6594 4146 15 
6595 4147 15 
6596 4147 15 
6597 4148 15 
6598 4148 15 
6599 4149 15 
6600 4149 15 
6601 4150 15 
6602 4150 15 
6603 4151 15 
6604 4151 15 
6605 4152 15 
6606 4152 15 
6607 4153 15 
6608 4153 15 
6609 4154 15 
6610 4154 15 
6611 4155 15 
6612 4156 15 
6613 4156 15 
6614 4157 15 
6615 4158 15 
6616 4158 15 
6617 4159 15 
6618 4159 15 
6619 4160 15 
6620 4160 15 